MZ     DT     Ht     ECL widthDT widthMZ
108.08     23.106     1458.1     165.5     0.31003     0.032423
376.27     49.071     1391.9     276     0.52234     0.099967
393.29     49.01     1293.4     225.12     0.477     0.1092
398.25     48.365     986.7     269.85     0.4111     0.10584
387.18     44.678     972.06     397.35     0.45662     0.11574
471.03     43.717     703.62     260.02     0.39977     0.12466
394.29     49.022     645.29     364.62     0.3871     0.10376
377.27     49.127     606.37     301.84     0.33384     0.10673
194.12     31.588     578.49     163.79     0.38127     0.056237
409.17     45.014     567.55     287.43     0.45755     0.11044
371.11     41.495     529.51     587.45     0.29364     0.096893
104.11     23.132     487.19     72.49     0.28332     0.032674
166.09     29.113     484.99     275.49     0.34221     0.049373
316.22     39.149     447.1     236.1     0.34583     0.094074
123.06     24.811     420.72     142.31     0.29023     0.043262
61.036     21.079     385.25     168.86     0.35158     0.020871
132.1     27.241     366.85     192.89     0.40561     0.040614
74.058     21.733     291.62     229.61     0.35475     0.022985
414.22     48.678     287.92     255.24     0.3451     0.11002
399.25     48.322     271.26     203.87     0.32773     0.11396
388.17     44.709     248.65     262.62     0.39483     0.14622
472.03     43.899     237.32     211.32     0.43463     0.12915
116.07     24.598     237.23     136.76     0.35132     0.037961
118.09     25.643     227.45     141.05     0.28617     0.036959
425.15     45.231     210.83     180.78     0.32491     0.12519
120.08     29.072     210.82     147.7     0.2737     0.047043
473.03     43.589     204.05     220.48     0.3351     0.12957
279.17     38.157     201.25     191.19     0.40181     0.10745
202.18     30.981     199.72     112.18     0.31879     0.068765
141.04     24.944     193.91     125.99     0.32658     0.046394
369.36     70.265     188.56     259.56     0.16749     0.10526
109.09     23.15     187.84     262.28     0.36815     0.045694
80.048     20.694     182.74     163.18     0.38805     0.024582
372.11     41.372     181.43     395.36     0.23653     0.10115
203.06     30.274     174.69     169.82     0.20726     0.060168
373.1     31.513     173.45     166.76     0.23941     0.1015
185.11     30.254     170.8     129.26     0.28159     0.085327
203.06     30     169.12     169.82     0.339     0.060168
136.02     24.815     167.16     162.61     0.35593     0.022955
132.96     26.34     166.07     166.25     0.34365     0.040602
373.1     74.731     165.4     166.76     0.27009     0.1015
637.31     64.372     164.49     177.68     0.24315     0.16548
203.06     30.872     160.47     169.82     0.29493     0.060168
75.089     21.326     153.76     59.187     0.30344     0.025933
60.077     19.488     149.91     76.158     0.22738     0.020878
372.11     20.53     149.4     395.36     0.20624     0.10115
103.96     27.138     146.95     297.48     0.098937      0.043265
410.17     44.953     144.76     121.93     0.31388     0.11644
72.079     22.465     142.89     103.59     0.32299     0.023388
115.07     23.111     137.74     229.47     0.30392     0.04747
389.13     23.952     137.2     172.85     0.2221     0.13042
86.06     22.7      135.9     142.82     0.26818     0.028908
183.09     29.272     135.02     168.49     0.23348     0.064187
211.14     32.149     134.47     102.92     0.33315     0.085505
373.1     41.423     133.32     166.76     0.19981     0.1015
86.093     27.231     133.28     123.46     0.33348     0.03582
369.36     60.475     130.02     259.56     0.1797     0.10526
90.054     23.63     128.63     120.69     0.4006     0.028068
415.22     47.515     127.11     179     0.36817     0.12703
373.1     41.684     125.54     166.76     0.23285     0.1015
122.07     24.608     124.85     132.47     0.29694     0.055829
137.06     25.882     124.63     213.62     0.34131     0.056756
65.057     67.139     124.62     215.77     0.16508     0.020602
467.11     47.376     124.49     230.51     0.40898     0.13171
118.98     29.379     123.38     201.69     0.24133     0.036955
118.98     27.403     123.22     201.69     0.1843     0.036955
118.98     36.721     122.51     201.69     0.32924     0.036955
369.36     47.078     120.26     259.56     0.51871     0.10526
235.18     34.009     114.46     109.94     0.30457     0.10616
637.31     65.174     114.13     177.68     0.32818     0.16548
355.08     24.781     112.94     182.37     0.19354     0.098575
89.955     15.839     112.72     168.67     0.16972     0.041171
118.98     55.623     111.85     201.69     0.079388      0.036955
167.1     29.644     111.22     106.79     0.29182     0.064208
355.08     21.261     110.92     182.37     0.11722     0.098575
124.05     24.33     109.27     142.63     0.27532     0.061559
647.46     67.347     109.15     118.02     0.42108     0.17845
199.12     29.948     108.09     137.33     0.33437     0.076462
403.13     71.155     107.54     253.35     0.16667     0.11108
283.11     24.621     107.34     126.95     0.04641     0.15471
70.063     20.401     106.64     98.37     0.23968     0.02239
118.98     32.134     105.7     201.69     0.16601     0.036955
65.057     19.391     104.18     215.77     0.21847     0.020602
150     17.346     103     164.26     0.074311      0.04445
121.98     63.847     102.67     170.02     0.069899      0.04548
89.955     62.326     102.49     168.67     0.1555     0.041171
118.98     31.82     101.3     201.69     0.13941     0.036955
121.98     27.554     100.22     170.02     0.14537     0.04548
121.98     27.965     99.962     170.02     0.36744     0.04548
65.057     32.19     99.952     215.77     0.12088     0.020602
118.98     28.404     99.753     201.69     0.29805     0.036955
121.98     27.46     99.655     170.02     0.40858     0.04548
118.98     35.101     98.795     201.69     0.11244     0.036955
209.15     32.472     98.595     177.64     0.31117     0.084757
135.99     26.239     98.207     133.27     0.081553      0.021865
109.09     22.451     98.116     262.28     0.27875     0.045694
121.98     30.917     97.617     170.02     0.19199     0.04548
103.96     64.907     97.315     297.48     0.21499     0.043265
637.31     64.646     96.367     177.68     0.38237     0.16548
150     74.28     96.059     164.26     0.082184      0.04445
150     26.387     95.244     164.26     0.24114     0.04445
65.057     18.714     95.188     215.77     0.27656     0.020602
127.11     25.342     93.591     87.297     0.27232     0.041975
637.31     63.801     93.576     177.68     0.22642     0.16548
151.01     69.825     93.391     162.25     0.054123      0.090429
393.09     23.182     92.09     141.49     0.24749     0.10981
148.06     26.487     91.409     87.547     0.31454     0.065582
356.08     39.547     90.825     101.82     0.24675     0.1014
209.15     31.721     90.69     177.64     0.21109     0.084757
114.09     23.978     90.082     106.69     0.29379     0.044196
183.09     29.825     89.992     168.49     0.31211     0.064187
150     31.926     88.757     164.26     0.17789     0.04445
150     25.861     88.058     164.26     0.078613      0.04445
415.22     61.881     88.02     179     0.15087     0.12703
113.09     24.031     87.844     81.371     0.28894     0.047064
150     42.794     87.628     164.26     0.24638     0.04445
403.13     59.544     87.521     253.35     0.17948     0.11108
157.11     27.3      87.257     181.17     0.38458     0.090811
153.1     22.815     86.852     164.81     0.24062     0.099787
462.15     46.933     86.833     147.37     0.4416     0.14352
197.13     30.449     86.82     102.95     0.30539     0.09182
65.057     28.802     86.494     215.77     0.095804      0.020602
65.057     18.065     86.489     215.77     0.084943      0.020602
393.09     61.313     86.32     141.49     0.066344      0.10981
150     28.32     86.228     164.26     0.20387     0.04445
121.98     34.72     86.183     170.02     0.24181     0.04548
195.12     31.526     86.061     98.347     0.41      0.084581
209.15     34.087     85.444     177.64     0.32669     0.084757
389.13     50.159     85.439     172.85     0.075737      0.13042
223.08     53.749     84.591     128.58     0.13961     0.12018
121.98     32.718     84.308     170.02     0.24715     0.04548
121.98     40.483     83.728     170.02     0.15647     0.04548
100.08     23.358     83.685     103.38     0.35561     0.032921
245.06     75     83.413     67.149     0.19979     0.043027
135.99     28.761     83.124     133.27     0.11536     0.021865
389.13     40.905     82.919     172.85     0.15778     0.13042
211.14     31.64     82.794     102.92     0.19311     0.085505
118.98     26.442     82.413     201.69     0.19625     0.036955
118.98     26.813     82.232     201.69     0.3111     0.036955
95.016     37.378     82.077     115.07     0.16674     0.030377
147.07     26.788     81.025     124.5     0.32055     0.06454
209.07     32.657     80.972     134.57     0.50428     0.10246
117.97     27.699     80.299     150.85     0.30397     0.042774
394.1     23.883     80.026     128.2     0.16252     0.12017
121.98     41.518     79.791     170.02     0.078204      0.04548
393.09     21.23     78.878     141.49     0.19887     0.10981
393.09     64.463     78.65     141.49     0.18104     0.10981
109.03     44.252     78.613     140.85     0.12428     0.042117
403.13     50.942     77.351     253.35     0.17334     0.11108
119.96     35.927     76.518     147.24     0.2348     0.040338
122.09     24.641     76.354     84.384     0.29498     0.020599
370.36     36.73     76.169     90.893     0.26457     0.10778
89.955     72.996     76.009     168.67     0.12322     0.041171
152.07     47.441     75.62     132.55     0.20186     0.06304
130.06     26.743     75.478     172.1     0.20222     0.054701
102.12     23.131     75.475     62.222     0.27069     0.016213
215.01     30.557     75.178     120.99     0.28474     0.068542
89.955     20.461     75.165     168.67     0.17886     0.041171
125.09     59.846     75.101     110.88     0.14057     0.049932
476.2     50.523     74.607     140.71     0.24433     0.12882
223.08     58.087     74.483     128.58     0.12803     0.12018
65.057     20.195     74.432     215.77     0.21642     0.020602
117.97     36.09     74.364     150.85     0.15449     0.042774
109.03     47.967     74.363     140.85     0.15211     0.042117
58.061     21.329     73.929     73.859     0.32102     0.019473
104.96     29.394     73.861     175.71     0.20039     0.031113
119.96     44.139     73.844     147.24     0.17067     0.040338
149.03     31.207     73.834     104.85     0.24831     0.071483
165.09     18.868     73.426     130.84     0.10867     0.076402
445.13     29.509     73.249     97.805     0.13507     0.12026
393.09     38.336     73.246     141.49     0.089218      0.10981
243.14     22.949     72.962     115.16     0.11805     0.096008
119.96     37.43     72.554     147.24     0.078842      0.040338
130.06     26.353     72.476     172.1     0.30734     0.054701
147.07     19.295     72.119     124.5     0.14161     0.06454
135.99     48.353     72.093     133.27     0.085234      0.021865
135.99     66.219     71.587     133.27     0.22153     0.021865
370.36     69.455     71.562     90.893     0.17503     0.10778
219.17     33.084     71.383     129.44     0.24748     0.086335
192.99     28.959     70.961     92.163     0.3556     0.060832
394.1     58.022     70.809     128.2     0.17263     0.12017
117.97     65.51     70.513     150.85     0.088217      0.042774
157.11     28.258     70.474     181.17     0.36135     0.090811
95.016     64.267     70.419     115.07     0.23812     0.030377
462.15     47.148     70.252     147.37     0.15509     0.14352
125.09     25.922     70.218     110.88     0.25824     0.049932
105.94     62.483     70.119     109.56     0.20293     0.03467
283.11     52.073     69.855     126.95     0.067542      0.15471
403.13     21.466     69.694     253.35     0.30112     0.11108
160.97     27.869     69.414     95.988     0.45009     0.052502
355.08     22.224     69.267     182.37     0.21613     0.098575
285.02     19.05     68.841     220.91     0.20346     0.082216
95.016     25.639     68.625     115.07     0.13487     0.030377
86.093     22.684     68.449     123.46     0.28786     0.03582
237.1     48.61     68.438     222.27     0.18132     0.10255
659.29     20.125     68.424     120.42     0.34079     0.16015
139.09     25.683     68.349     270.95     0.24823     0.079795
143.11     26.131     68.243     86.312     0.38702     0.046845
167.1     34.416     68.177     106.79     0.11737     0.064208
151.1     25.658     68.105     168.02     0.15897     0.027409
95.016     67.292     68.015     115.07     0.13671     0.030377
95.016     34.76     67.736     115.07     0.16468     0.030377
139.09     26.105     67.611     270.95     0.31401     0.079795
393.09     20.764     67.504     141.49     0.23444     0.10981
180.1     29.049     67.497     102.39     0.25258     0.066419
143.11     40.22     67.388     86.312     0.24356     0.046845
117.97     41.501     67.264     150.85     0.2441     0.042774
195.12     42.496     67.157     98.347     0.11526     0.084581
213.12     31.364     66.926     113.31     0.50976     0.11462
125.09     42.692     66.058     110.88     0.16512     0.049932
209.07     34.202     65.724     134.57     0.29994     0.10246
299.06     56.692     65.579     133.21     0.18399     0.10759
283.11     20.033     65.468     126.95     0.18652     0.15471
147.07     32.947     65.126     124.5     0.20436     0.06454
209.15     32.753     65.007     177.64     0.1669     0.084757
405.13     69.66     64.987     137.18     0.068481      0.11236
102.09     40.091     64.48     124.76     0.15867     0.037076
209.15     19.022     64.47     177.64     0.10117     0.084757
160.97     28.312     64.447     95.988     0.20109     0.052502
165.09     62.915     64.213     130.84     0.12191     0.076402
357.08     40.68     64.174     100.17     0.12885     0.10354
299.06     63.913     64.113     133.21     0.20504     0.10759
105.94     27.324     64.012     109.56     0.27776     0.03467
299.06     73.273     64.002     133.21     0.17983     0.10759
153.1     53.643     63.655     164.81     0.21716     0.099787
95.016     23.029     63.472     115.07     0.085668      0.030377
124.05     62.765     63.416     142.63     0.079734      0.061559
133.1     40.231     63.19     115.5     0.11689     0.040411
153.1     45.693     62.677     164.81     0.19135     0.099787
121.98     58.296     62.335     170.02     0.14674     0.04548
209.07     18.988     62.239     134.57     0.22191     0.10246
195.12     30.674     61.94     98.347     0.1536     0.084581
125.09     19.082     61.695     110.88     0.1686     0.049932
111.08     72.112     61.631     150.25     0.074986      0.050439
90.054     18.909     61.499     120.69     0.082124      0.028068
169.11     28.206     61.454     87.182     0.26544     0.02826
235.18     44.908     61.342     109.94     0.16646     0.10616
95.016     21.205     61.336     115.07     0.2256     0.030377
219.03     68.063     61.272     95.085     0.10914     0.081297
235.18     32.726     61.192     109.94     0.22247     0.10616
467.11     31.63     61.155     230.51     0.1967     0.13171
221.15     33.986     60.9      91.488     0.12669     0.10812
117.97     33.083     60.789     150.85     0.15945     0.042774
394.1     40.362     60.614     128.2     0.19616     0.12017
191.01     28.928     60.165     118.73     0.46842     0.069145
394.1     20.447     60.125     128.2     0.18628     0.12017
104.96     49.886     59.754     175.71     0.24078     0.031113
149.03     19.03     59.7      104.85     0.14511     0.071483
153.1     24.951     59.606     164.81     0.14356     0.099787
119.96     67.012     59.549     147.24     0.16817     0.040338
269     46.137     59.545     82.326     0.070256      0.09977
181.1     62.666     59.509     100.18     0.12996     0.11391
163.06     54.836     59.488     94.305     0.17447     0.077834
356.08     71.486     59.44     101.82     0.13057     0.1014
107.96     70.57     59.083     181.91     0.20715     0.042991
299.06     67.337     59.047     133.21     0.1756     0.10759
285.02     46.294     58.985     220.91     0.14286     0.082216
199.12     67.433     58.785     137.33     0.13716     0.076462
116.98     25.491     58.729     88.767     0.1719     0.040536
195.12     19.303     58.63     98.347     0.29168     0.084581
152.07     56.448     58.496     132.55     0.19407     0.06304
135.09     27.013     58.462     128.55     0.33114     0.063543
367.34     46.467     58.377     95.378     0.22897     0.10939
81.061     30.759     58.202     96.941     0.19025     0.042389
129.09     24.929     58.187     85.758     0.3146     0.056259
221.15     31.824     58.159     91.488     0.24222     0.10812
404.14     27.604     58.103     116.04     0.22204     0.1244
213.12     21.902     57.985     113.31     0.32416     0.11462
209.07     65.562     57.89     134.57     0.23751     0.10246
299.06     44.788     57.851     133.21     0.20093     0.10759
237.1     47.173     57.798     222.27     0.085788      0.10255
199.12     44.578     57.776     137.33     0.091731      0.076462
95.016     24.602     57.703     115.07     0.10242     0.030377
299.06     46.54     57.484     133.21     0.25466     0.10759
370.36     21.95     57.318     90.893     0.20003     0.10778
405.13     31.091     57.317     137.18     0.070224      0.11236
404.14     32.707     57.311     116.04     0.15433     0.1244
182.03     28.828     57.242     65.806     0.2083     0.06884
462.15     44.561     57.224     147.37     0.16752     0.14352
219.03     22.833     57.126     95.085     0.11811     0.081297
259.12     59.76     57.012     80.071     0.23488     0.096588
237.1     36.876     56.84     222.27     0.12189     0.10255
117.97     34.923     56.586     150.85     0.3032     0.042774
155.09     25.718     56.564     105.5     0.14181     0.074008
104.96     35.147     56.55     175.71     0.088259      0.031113
100.08     22.02     56.495     103.38     0.1617     0.032921
212.12     32.241     56.463     71.108     0.36725     0.077764
259.12     24.241     56.36     80.071     0.069559      0.096588
102.09     24.213     56.067     124.76     0.1458     0.037076
356.08     30.229     56.015     101.82     0.19184     0.1014
394.1     50.9      55.968     128.2     0.16452     0.12017
370.36     50.148     55.919     90.893     0.072479      0.10778
133.1     22.919     55.487     115.5     0.22746     0.040411
107.07     29.581     55.477     102.16     0.1589     0.050931
151.01     32.515     55.466     162.25     0.089469      0.090429
221.15     34.57     55.247     91.488     0.14434     0.10812
299.06     24.07     55.023     133.21     0.19194     0.10759
155.09     27.892     55.013     105.5     0.19183     0.074008
197.13     65.572     54.946     102.95     0.15583     0.09182
269     64.024     54.942     82.326     0.40916     0.09977
152.07     55.244     54.801     132.55     0.158     0.06304
104.96     49.018     54.751     175.71     0.31274     0.031113
133.97     41.578     54.696     116.84     0.17906     0.050027
223.08     26.66     54.624     128.58     0.23793     0.12018
374.1     26.412     54.302     93.544     0.17442     0.106
81.061     72.814     54.179     96.941     0.19259     0.042389
299.06     40.812     54.03     133.21     0.32438     0.10759
223.08     32.175     54.004     128.58     0.25605     0.12018
370.36     55.477     53.466     90.893     0.27456     0.10778
374.1     70.812     53.378     93.544     0.16685     0.106
259.12     72.44     53.24     80.071     0.18826     0.096588
285.02     45.185     52.997     220.91     0.090833      0.082216
149.03     60.132     52.986     104.85     0.22814     0.071483
281.05     35.1      52.794     122.05     0.18953     0.12477
164.99     32.154     52.762     90.12     0.16598     0.048729
88.97     26.393     52.715     99.646     0.27616     0.032136
180.1     28.195     52.609     102.39     0.15443     0.066419
237.1     25.175     52.589     222.27     0.26369     0.10255
151.01     35.923     52.565     162.25     0.13858     0.090429
138.06     25.637     52.562     98.523     0.23289     0.05561
111.08     27.715     52.419     150.25     0.29319     0.050439
105.07     24.892     52.385     80.726     0.19743     0.040042
219.17     65.032     52.266     129.44     0.1148     0.086335
163.06     34.567     52.192     94.305     0.14532     0.077834
297.09     56.323     52.181     91.118     0.17737     0.11678
125.09     43.372     52.116     110.88     0.24163     0.049932
107.96     31.803     51.91     181.91     0.21989     0.042991
104.96     67.697     51.829     175.71     0.18028     0.031113
225.05     24.955     51.628     91.786     0.077367      0.074055
259.12     67.975     51.628     80.071     0.18497     0.096588
405.13     37.295     51.551     137.18     0.1417     0.11236
281.05     58.475     51.536     122.05     0.20599     0.12477
357.08     74.217     51.379     100.17     0.093911      0.10354
259.12     59.531     51.329     80.071     0.1924     0.096588
259.12     34.886     51.118     80.071     0.14957     0.096588
155.09     39.219     50.902     105.5     0.25518     0.074008
213.12     31.091     50.872     113.31     0.24014     0.11462
283.11     27.623     50.84     126.95     0.40294     0.15471
91.052     55.976     50.763     82.485     0.083688      0.03312
281.05     38.048     50.758     122.05     0.1304     0.12477
285.02     66.393     50.743     220.91     0.15379     0.082216
195.12     31.086     50.636     98.347     0.24213     0.084581
209.07     73.577     50.625     134.57     0.27661     0.10246
171.12     37.044     50.501     179.37     0.13256     0.088818
207.17     54.392     50.421     84.749     0.10499     0.084964
97.061     71.397     50.418     106.17     0.071196      0.038709
261.12     34.999     50.259     55.921     0.24457     0.09527
197.13     65.312     50.186     102.95     0.13932     0.09182
164.99     71.385     50.157     90.12     0.19006     0.048729
405.13     23.824     49.99     137.18     0.15317     0.11236
259.12     53.742     49.815     80.071     0.12516     0.096588
119.08     30.128     49.675     83.259     0.18421     0.060896
148.06     49.613     49.668     87.547     0.23022     0.065582
107.96     53.151     49.632     181.91     0.2132     0.042991
119.08     16.234     49.593     83.259     0.085823      0.060896
105.94     15.17     49.294     109.56     0.21023     0.03467
121.08     47.516     48.874     114.04     0.28564     0.057537
135.09     36.482     48.838     128.55     0.24736     0.063543
97.061     66.011     48.813     106.17     0.17234     0.038709
370.36     47.087     48.587     90.893     0.25784     0.10778
88.97     36.866     48.582     99.646     0.11491     0.032136
149.03     57.919     48.296     104.85     0.319     0.071483
163.06     57.055     48.216     94.305     0.085453      0.077834
259.12     66.142     48.214     80.071     0.21678     0.096588
404.14     26.862     48.214     116.04     0.12871     0.1244
213.12     29.865     48.196     113.31     0.23565     0.11462
164.99     28.712     48.127     90.12     0.16479     0.048729
171.12     27.984     48.072     179.37     0.4429     0.088818
297.09     44.232     48.05     91.118     0.16867     0.11678
96.047     40.684     48.015     189.15     0.082441      0.036324
97.061     39.292     47.994     106.17     0.19839     0.038709
281.05     33.089     47.91     122.05     0.19715     0.12477
95.016     27.908     47.805     115.07     0.15144     0.030377
261.12     32.985     47.632     55.921     0.22627     0.09527
100.08     39.076     47.628     103.38     0.18472     0.032921
285.02     72.31     47.624     220.91     0.084627      0.082216
164.99     72.18     47.198     90.12     0.10101     0.048729
223.08     49.384     46.881     128.58     0.07384     0.12018
297.09     54.214     46.865     91.118     0.10125     0.11678
356.08     45.566     46.839     101.82     0.20145     0.1014
247     16.971     46.81     69.922     0.17799     0.074746
129.09     39.462     46.804     85.758     0.15353     0.056259
114.09     24.28     46.66     106.69     0.30171     0.044196
91.052     55.68     46.559     82.485     0.082576      0.03312
259.12     16.957     46.502     80.071     0.15039     0.096588
133.1     25.633     46.379     115.5     0.2341     0.040411
237.1     35.498     46.351     222.27     0.12752     0.10255
97.061     75     46.301     106.17     0.19508     0.038709
445.13     73.594     46.149     97.805     0.13262     0.12026
285.02     55.678     46.019     220.91     0.087849      0.082216
135.99     65.162     45.938     133.27     0.20602     0.021865
283.11     33.772     45.811     126.95     0.19953     0.15471
138.06     59.314     45.566     98.523     0.11751     0.05561
171.12     27.268     45.529     179.37     0.14039     0.088818
638.31     64.165     45.459     94.957     0.12658     0.15375
121.08     31.797     45.423     114.04     0.16545     0.057537
169.06     28.347     45.364     81.656     0.2399     0.02841
123.97     54.191     45.29     104.34     0.16398     0.060356
111.08     27.838     45.286     150.25     0.12623     0.050439
374.1     65.579     45.136     93.544     0.087532      0.106
91.052     60.5      45.102     82.485     0.24638     0.03312
105.07     32.174     44.981     80.726     0.18039     0.040042
225.05     70.55     44.88     91.786     0.16967     0.074055
164.99     26.438     44.802     90.12     0.30325     0.048729
374.1     29.447     44.779     93.544     0.16528     0.106
123.97     26.943     44.764     104.34     0.18428     0.060356
395.09     34.731     44.754     79.885     0.14884     0.10734
245.06     54.323     44.624     67.149     0.12345     0.043027
404.14     72.229     44.599     116.04     0.2104     0.1244
182.03     65.816     44.56     65.806     0.082091      0.06884
212.12     68.834     44.497     71.108     0.28793     0.077764
445.13     39.115     44.472     97.805     0.17478     0.12026
123.97     15.431     44.461     104.34     0.10098     0.060356
181.1     36.798     44.337     100.18     0.20423     0.11391
225.05     27.184     44.222     91.786     0.22759     0.074055
269     63.88     43.959     82.326     0.082448      0.09977
395.09     53.814     43.872     79.885     0.086428      0.10734
97.061     22.027     43.853     106.17     0.34866     0.038709
374.1     25.319     43.802     93.544     0.18998     0.106
367.34     62.67     43.758     95.378     0.24439     0.10939
237.1     33.076     43.697     222.27     0.27096     0.10255
148.06     45.505     43.64     87.547     0.1423     0.065582
169.11     28.701     43.497     87.182     0.34273     0.02826
181.1     29.016     43.491     100.18     0.33517     0.11391
192.99     33.197     43.377     92.163     0.092251      0.060832
207.17     74.535     43.152     84.749     0.28044     0.084964
139.1     25.71     43.085     134.41     0.23995     0.021159
213.12     30.45     42.908     113.31     0.23213     0.11462
100.08     58.742     42.902     103.38     0.091244      0.032921
111.08     21.986     42.882     150.25     0.17157     0.050439
245.06     19.62     42.586     67.149     0.1454     0.043027
221.15     32.458     42.549     91.488     0.086928      0.10812
181.1     59.659     42.517     100.18     0.16985     0.11391
221.15     30.235     42.481     91.488     0.098883      0.10812
638.31     61.15     42.42     94.957     0.17604     0.15375
659.29     69.372     42.153     120.42     0.25626     0.16015
221.15     41.646     42.004     91.488     0.090849      0.10812
181.1     28.522     41.904     100.18     0.11819     0.11391
81.061     29.119     41.901     96.941     0.11649     0.042389
107.96     30.611     41.843     181.91     0.21603     0.042991
192.99     65.153     41.485     92.163     0.082129      0.060832
191.01     29.299     41.297     118.73     0.5327     0.069145
107.07     44.843     41.285     102.16     0.12184     0.050931
445.13     60.419     41.129     97.805     0.098251      0.12026
243.14     21.374     41.028     115.16     0.25619     0.096008
638.31     45.618     41.018     94.957     0.16097     0.15375
356.08     26.49     40.892     101.82     0.31597     0.1014
139.1     22.44     40.756     134.41     0.32726     0.021159
404.14     47.006     40.654     116.04     0.15548     0.1244
171.12     28.599     40.648     179.37     0.29888     0.088818
101.06     40.309     40.235     75.966     0.16866     0.036965
97.061     51.884     39.933     106.17     0.13672     0.038709
212.12     20.767     39.601     71.108     0.17578     0.077764
133.1     23.298     39.505     115.5     0.20618     0.040411
404.14     23.052     39.377     116.04     0.27675     0.1244
390.12     31.106     39.354     69.251     0.13499     0.1194
119.08     48.516     38.963     83.259     0.19104     0.060896
390.12     41.676     38.848     69.251     0.25919     0.1194
91.052     33.209     38.838     82.485     0.25139     0.03312
123.97     47.142     38.798     104.34     0.21192     0.060356
91.052     45.8      38.542     82.485     0.13626     0.03312
171.12     31.746     38.442     179.37     0.091019      0.088818
261.12     26.099     38.189     55.921     0.37652     0.09527
128.1     55.299     38.131     60.389     0.1733     0.05761
191.01     30.571     38.117     118.73     0.17608     0.069145
121.08     24.784     38.026     114.04     0.2482     0.057537
182.09     30.464     37.915     52.194     0.39772     0.032824
107.96     40.07     37.845     181.91     0.27009     0.042991
102.09     22.526     37.815     124.76     0.29746     0.037076
160.97     65.732     37.812     95.988     0.15814     0.052502
381.35     27.068     37.809     58.585     0.074135      0.10667
97.061     55.788     37.808     106.17     0.18745     0.038709
52.999     17.968     37.369     64.175     0.14764     0.017874
133.97     26.444     37.35     116.84     0.21508     0.050027
367.34     43.42     37.242     95.378     0.17208     0.10939
247     73.424     37.239     69.922     0.20935     0.074746
122.09     38.211     37.221     84.384     0.20094     0.020599
88.97     35.523     37.16     99.646     0.096044      0.032136
191.01     28.308     37.057     118.73     0.1749     0.069145
638.31     24.321     37.019     94.957     0.13907     0.15375
123.95     45.193     37.006     46.356     0.14227     0.0183
463.16     41.925     36.967     95.494     0.14483     0.14756
138.06     21.458     36.858     98.523     0.32037     0.05561
107.96     16.09     36.852     181.91     0.15527     0.042991
638.31     30.968     36.749     94.957     0.1059     0.15375
654.33     55.432     36.726     65.461     0.18187     0.1616
164.99     28.385     36.63     90.12     0.12872     0.048729
171.12     67.707     36.571     179.37     0.30384     0.088818
128.1     55.793     36.475     60.389     0.15576     0.05761
96.047     49.373     36.424     189.15     0.21803     0.036324
169.06     42.577     36.162     81.656     0.1933     0.02841
390.12     66.633     36.101     69.251     0.28751     0.1194
182.03     43.716     36.038     65.806     0.23695     0.06884
107.96     30.061     35.989     181.91     0.18887     0.042991
137.12     25.723     35.9      66.23     0.34678     0.023889
52.999     23.564     35.896     64.175     0.25888     0.017874
638.31     54.463     35.651     94.957     0.15052     0.15375
169.06     52.625     35.6      81.656     0.208     0.02841
162.08     18.472     35.548     138.57     0.18577     0.052999
381.35     47.18     35.351     58.585     0.21561     0.10667
107.07     49.516     35.246     102.16     0.12566     0.050931
381.35     38.165     35.05     58.585     0.099745      0.10667
128.1     56.161     35.017     60.389     0.078015      0.05761
390.12     37.75     34.886     69.251     0.076859      0.1194
381.35     48.48     34.816     58.585     0.40288     0.10667
99.079     48.867     34.761     55.195     0.21387     0.038101
404.14     36.482     34.738     116.04     0.17096     0.1244
395.09     48.433     34.657     79.885     0.13113     0.10734
245.06     31.882     34.651     67.149     0.15274     0.043027
88.97     26.673     34.279     99.646     0.31112     0.032136
85.062     73.627     34.259     68.768     0.16558     0.036829
445.13     47.256     34.1      97.805     0.22052     0.12026
212.12     26.146     34.043     71.108     0.1616     0.077764
71.01     23.226     34.023     64.072     0.21287     0.022961
163.13     33.192     33.993     55.51     0.1598     0.024269
123.97     57.858     33.981     104.34     0.18613     0.060356
182.09     43.631     33.975     52.194     0.27084     0.032824
128.1     22.741     33.729     60.389     0.087523      0.05761
381.35     39.431     33.524     58.585     0.22341     0.10667
139.1     41.147     33.497     134.41     0.13158     0.021159
138.06     26.256     33.362     98.523     0.2055     0.05561
96.047     21.186     33.334     189.15     0.33126     0.036324
638.31     20.362     33.113     94.957     0.1848     0.15375
169.06     35.157     32.935     81.656     0.21135     0.02841
638.31     23.004     32.825     94.957     0.1636     0.15375
85.062     34.007     32.792     68.768     0.14177     0.036829
91.052     22.979     32.701     82.485     0.13251     0.03312
247     63.784     32.668     69.922     0.21289     0.074746
162.08     42.796     32.663     138.57     0.11097     0.052999
105.07     69.572     32.442     80.726     0.17819     0.040042
163.13     47.187     32.312     55.51     0.11013     0.024269
99.079     15.293     32.184     55.195     0.17697     0.038101
169.11     27.665     32.14     87.182     0.22946     0.02826
247     32.74     32.102     69.922     0.24265     0.074746
102.96     30.548     32.067     56.077     0.20145     0.041014
395.09     69.152     31.914     79.885     0.17628     0.10734
91.958     56.842     31.756     39.714     0.10434     0.029178
101.06     19.224     31.632     75.966     0.31667     0.036965
245.06     36.201     31.577     67.149     0.3203     0.043027
638.31     58.623     31.286     94.957     0.093653      0.15375
105.07     57.419     31.267     80.726     0.23907     0.040042
107.07     23.046     31.265     102.16     0.46718     0.050931
101.06     19.332     31.201     75.966     0.099227      0.036965
91.958     54.496     31.152     39.714     0.089695      0.029178
85.028     38.656     31.147     74.982     0.12443     0.027331
638.31     68.583     30.94     94.957     0.12212     0.15375
137.12     63.116     30.914     66.23     0.2045     0.023889
283.03     25.138     30.869     51.83     0.13566     0.024678
91.958     47.176     30.636     39.714     0.19431     0.029178
381.35     48.292     30.634     58.585     0.13389     0.10667
111.04     27.627     30.454     58.859     0.10906     0.013746
141.08     69.504     30.362     126.5     0.13454     0.018709
390.12     42.358     30.233     69.251     0.08622     0.1194
99.079     50.403     29.945     55.195     0.24806     0.038101
71.01     74.586     29.924     64.072     0.20931     0.022961
91.958     62.701     29.667     39.714     0.17626     0.029178
164.99     43.584     29.607     90.12     0.22442     0.048729
94.064     18.691     29.563     101.96     0.23622     0.031057
85.028     68.134     29.501     74.982     0.16415     0.027331
367.34     47.844     29.014     95.378     0.2544     0.10939
52.999     30.445     28.937     64.175     0.1309     0.017874
390.12     18.2      28.349     69.251     0.31066     0.1194
128.1     29.841     28.252     60.389     0.21654     0.05761
128.1     28.288     28.23     60.389     0.24406     0.05761
245.06     53.082     28.23     67.149     0.1622     0.043027
99.079     19.03     28.183     55.195     0.2275     0.038101
85.028     64.407     28.142     74.982     0.18807     0.027331
99.079     51.766     28.06     55.195     0.16915     0.038101
162.08     32.662     27.997     138.57     0.30648     0.052999
245.06     55.613     27.882     67.149     0.23697     0.043027
123.95     55.128     27.81     46.356     0.21112     0.0183
102.96     33.032     27.775     56.077     0.13885     0.041014
137.12     28.763     27.621     66.23     0.11964     0.023889
52.999     33.497     27.398     64.175     0.18374     0.017874
111.04     49.842     27.373     58.859     0.34287     0.013746
111.04     74.208     27.36     58.859     0.22413     0.013746
90.948     74.101     27.299     57.223     0.074066      0.027674
128.1     40.342     27.032     60.389     0.14318     0.05761
91.958     69.115     26.963     39.714     0.070138      0.029178
52.999     39.926     26.904     64.175     0.15718     0.017874
245.11     36.87     26.684     40.175     0.29197     0.02207
283.03     40.942     26.502     51.83     0.20396     0.024678
111.04     24.533     26.454     58.859     0.14342     0.013746
91.958     35.969     26.122     39.714     0.12131     0.029178
381.35     36.948     26.083     58.585     0.23123     0.10667
163.13     30.049     26.038     55.51     0.51598     0.024269
395.09     27.471     25.871     79.885     0.33381     0.10734
60.042     51.489     25.835     68.621     0.18148     0.023313
136.99     46.316     25.506     37.638     0.21965     0.026392
85.028     74.072     25.378     74.982     0.14288     0.027331
463.16     67.521     25.252     95.494     0.25799     0.14756
163.13     30.009     25.023     55.51     0.028326      0.024269
163.13     29.995     25.023     55.51     0.1571     0.024269
163.13     54.9      24.861     55.51     0.10444     0.024269
90.948     44.511     24.62     57.223     0.12234     0.027674
245.11     56.381     24.415     40.175     0.26864     0.02207
94.064     42.55     24.315     101.96     0.19024     0.031057
85.028     66.552     24.164     74.982     0.15184     0.027331
141.08     54.894     24.097     126.5     0.29494     0.018709
85.028     30.348     24.089     74.982     0.22325     0.027331
102.96     61.474     24.057     56.077     0.18277     0.041014
141.08     73.606     24.004     126.5     0.24273     0.018709
90.948     39.196     23.885     57.223     0.15434     0.027674
136.99     63.656     23.853     37.638     0.2079     0.026392
85.062     48.886     23.783     68.768     0.21097     0.036829
85.028     25.378     23.627     74.982     0.10454     0.027331
99.079     22.073     23.572     55.195     0.28495     0.038101
91.958     38.368     23.554     39.714     0.19723     0.029178
245.06     46.622     23.354     67.149     0.27886     0.043027
60.042     62.933     23.235     68.621     0.096253      0.023313
102.96     27.87     22.982     56.077     0.33023     0.041014
102.96     40.593     22.624     56.077     0.1448     0.041014
97.027     49.764     22.366     47.803     0.34755     0.013662
136.99     31.523     22.319     37.638     0.21643     0.026392
123.95     56.578     22.262     46.356     0.09453     0.0183
91.958     46.426     22.042     39.714     0.11789     0.029178
102.96     58.096     22.02     56.077     0.16252     0.041014
245.11     66.419     21.473     40.175     0.2148     0.02207
151.09     39.863     21.389     40.373     0.094859      0.0064069
97.027     40.511     20.705     47.803     0.15939     0.013662
90.948     53.604     20.697     57.223     0.26357     0.027674
283.03     42.14     19.919     51.83     0.16568     0.024678
90.948     31.95     19.781     57.223     0.2144     0.027674
136.99     30.97     19.564     37.638     0.092414      0.026392
151.09     39.099     19.082     40.373     0.21899     0.0064069
151.09     51.079     18.933     40.373     0.0055876     0.0064069
97.027     36.629     18.576     47.803     0.23447     0.013662
283.03     33.936     18.533     51.83     0.22605     0.024678
151.09     62.009     16.666     40.373     0.15311     0.0064069
151.09     25.19     15.859     40.373     0.12962     0.0064069
151.09     54.784     15.797     40.373     0.20199     0.0064069
151.09     21.353     14.768     40.373     0.1972     0.0064069
151.09     42.769     13.042     40.373     0.22577     0.0064069
