MZ     DT     Ht     ECL widthDT widthMZ
108.08     23.106     1578.3     153.06     0.29267     0.033024
376.27     49.059     1279.3     239.74     0.53884     0.10253
393.29     48.995     1061.2     239.11     0.50455     0.10786
471.03     43.707     944.38     315.64     0.46076     0.12523
387.18     44.716     943.62     597.19     0.35944     0.12478
398.25     48.325     695.53     252.7     0.4861     0.1094
377.27     49.034     645.18     282.08     0.37605     0.10953
104.11     23.128     627.06     79.769     0.27007     0.031783
409.17     44.997     621.45     254.05     0.34935     0.11653
472.03     43.753     539.47     342.6     0.35067     0.11938
394.29     49.045     479.13     263.37     0.37859     0.10588
371.11     41.467     476.84     509.51     0.36837     0.097383
132.1     27.312     426.11     198.34     0.40145     0.040896
194.12     31.593     404.87     189.93     0.31452     0.060338
399.25     48.455     395.93     254.92     0.3368     0.1181
74.058     21.773     374.45     233.79     0.30372     0.023177
316.22     39.133     356.87     131.9     0.35683     0.098836
166.09     29.129     355.93     170.42     0.26964     0.049683
118.98     43.69     314.41     285.78     0.2496     0.035705
123.06     24.798     308.7     122.39     0.30994     0.043354
371.11     41.265     303.9     509.51     0.2491     0.097383
202.18     30.996     303.62     128.43     0.2858     0.072737
371.11     33.138     302.13     509.51     0.1855     0.097383
473.03     43.612     265.38     157.64     0.25742     0.12931
135.99     24.751     264.88     269.87     0.29673     0.05243
80.048     20.7      262.81     136.22     0.32025     0.0249
132.96     26.371     260.76     232.58     0.40069     0.038833
61.036     21.206     248.32     172.47     0.35215     0.020626
136.02     24.738     229.34     194.63     0.30326     0.021441
116.07     24.592     212.96     133.2     0.29019     0.038359
150     43.53     203.32     351.09     0.26946     0.043394
120.08     29.16     199.54     151.42     0.27916     0.047856
372.11     30.642     188.12     337.95     0.21417     0.09658
90.053     23.722     187.24     108.84     0.32725     0.02745
75.089     21.329     185.37     67.46     0.2597     0.028332
203.06     30.361     185.13     219.74     0.30127     0.066115
109.09     23.11     184.67     339.65     0.31064     0.047573
637.31     64.546     180.03     147.94     0.30425     0.16332
150     15.111     173.2     351.09     0.16591     0.043394
141.09     25.067     167.19     161.9     0.2305     0.066895
150     27.835     167.13     351.09     0.33167     0.043394
150     26.477     160.02     351.09     0.23492     0.043394
372.11     41.48     159.04     337.95     0.29057     0.09658
121.98     34.262     158.89     289.54     0.16675     0.046988
58.062     21.332     158.57     62.739     0.28515     0.019453
372.11     23.311     156.64     337.95     0.20778     0.09658
372.11     73.749     153.06     337.95     0.15058     0.09658
141.04     25.09     151.7     110.87     0.27638     0.046732
373.1     36.893     140.79     289.18     0.30421     0.10112
150     26.948     139.28     351.09     0.2385     0.043394
149.04     37.907     137.55     161.67     0.21556     0.086149
72.078     22.447     135.95     89.71     0.32783     0.023557
150     45.489     133.49     351.09     0.077984      0.043394
118.09     24.11     133.39     82.108     0.24442     0.039696
65.056     43.687     132.4     190.12     0.075693      0.020818
148.06     26.494     132.39     79.864     0.28149     0.040304
65.056     47.454     130.3     190.12     0.20444     0.020818
137.06     25.909     129.49     172.2     0.31527     0.055216
86.09     27.292     126.75     152.56     0.26127     0.049553
65.056     19.193     126.39     190.12     0.36024     0.020818
122.07     24.571     125.91     106.75     0.2642     0.05993
425.15     45.135     125.79     111.9     0.26001     0.14492
148     26.531     125.77     134.22     0.35571     0.067851
355.08     31.23     122.21     223.1     0.23646     0.095727
373.1     40.196     120.86     289.18     0.17219     0.10112
114.09     24.102     120.03     113.92     0.32973     0.048506
373.1     33.529     118.51     289.18     0.29743     0.10112
235.19     33.986     118.18     131.95     0.29724     0.096098
117.97     28.873     117.43     139.67     0.22188     0.039638
373.1     33.688     116.39     289.18     0.13805     0.10112
414.22     48.643     116.03     103.24     0.29957     0.11443
390.12     73.19     115.71     164.94     0.30323     0.1155
65.056     18.926     114.86     190.12     0.10964     0.020818
97.063     34.701     114.49     104.17     0.043712      0.037595
393.09     23.663     113.66     273.54     0.1448     0.10761
183.09     37.679     113.2     203.13     0.075147      0.076015
121.98     27.439     112.05     289.54     0.37384     0.046988
103.96     19.302     111.58     158.32     0.26295     0.040156
119.96     42.839     111.17     157.04     0.23592     0.040694
115.07     24.529     109.79     240.74     0.28394     0.049283
356.08     57.804     109.54     183.11     0.10898     0.098526
211.14     32.077     109.12     134.68     0.41868     0.08052
215.01     30.564     106.93     98.07     0.29961     0.07135
65.056     18.756     104.26     190.12     0.23332     0.020818
637.31     50.375     103.59     147.94     0.19565     0.16332
403.13     26.167     103.41     179.32     0.086375      0.10982
355.08     58.496     103.35     223.1     0.18236     0.095727
118.09     25.653     103.34     82.108     0.30805     0.039696
393.09     24.609     102.49     273.54     0.20008     0.10761
462.15     48.878     101.56     120.33     0.27924     0.13119
117.97     43.028     101.12     139.67     0.17451     0.039638
132.96     43.47     100.86     232.58     0.24408     0.038833
121.98     43.318     100.72     289.54     0.23205     0.046988
637.31     64.949     98.909     147.94     0.4054     0.16332
355.08     41.478     98.803     223.1     0.16812     0.095727
143.11     25.985     98.525     178.39     0.18972     0.048693
127.11     25.25     98.201     145.38     0.35494     0.056816
123.98     64.98     96.182     134.79     0.15897     0.051938
393.09     22.175     95.77     273.54     0.22362     0.10761
393.09     23.064     94.983     273.54     0.21481     0.10761
467.11     47.359     94.822     126.31     0.29954     0.12496
121.98     29.316     94.75     289.54     0.19708     0.046988
355.08     21.246     94.152     223.1     0.10516     0.095727
374.1     24.276     93.494     118.21     0.20201     0.11079
60.077     19.624     93.299     75.701     0.41724     0.022665
355.08     20.289     92.295     223.1     0.19007     0.095727
207.17     31.739     91.722     146.42     0.2456     0.089648
86.06     22.701     91.532     134.01     0.38466     0.03004
100.08     23.555     90.996     86.488     0.29837     0.030139
115.07     70.69     90.931     240.74     0.078959      0.049283
373.1     59.491     90.762     289.18     0.15324     0.10112
135.1     18.86     90.621     98.351     0.079622      0.067594
245.06     33.828     90.088     110.15     0.26803     0.12009
104.96     27.743     89.848     137.21     0.12134     0.031705
123.98     46.868     89.787     134.79     0.17029     0.051938
637.31     52.763     89.571     147.94     0.13878     0.16332
89.957     56.529     89.546     124.35     0.16686     0.038916
403.13     36.917     89.51     179.32     0.2609     0.10982
369.36     46.32     88.5      199.84     0.1063     0.10012
133.1     24.887     88.295     174.41     0.15096     0.043063
281.06     60.085     87.024     149.82     0.18245     0.11235
104.96     27.495     86.392     137.21     0.23525     0.031705
133.1     23.681     85.744     174.41     0.15864     0.043063
139.1     25.881     85.488     129.16     0.304     0.02143
139.08     26.772     85.381     140.29     0.16839     0.06799
237.09     31.618     85.282     180.76     0.078407      0.081809
285.02     46.109     85.033     164.28     0.17102     0.086587
149.04     27.864     85.018     161.67     0.10866     0.086149
403.13     35.355     84.548     179.32     0.21903     0.10982
109.03     19.786     83.972     161.19     0.32841     0.03534
153.09     55.093     83.837     118.09     0.15855     0.08399
374.1     69.515     83.597     118.21     0.1123     0.11079
95.016     41.316     83.566     313.18     0.14602     0.030103
209.06     32.685     83.554     138.22     0.34691     0.077535
104.96     58.35     83.345     137.21     0.1932     0.031705
151     26.826     82.947     155.42     0.25619     0.074132
299.06     25.804     82.752     131.42     0.24535     0.10535
237.09     29.367     82.562     180.76     0.11923     0.081809
95.016     41.487     82.451     313.18     0.11114     0.030103
403.13     26.659     82.095     179.32     0.14228     0.10982
111.08     28.565     81.842     202.26     0.18387     0.050639
415.22     47.583     81.053     111.93     0.25083     0.12329
212.13     32.315     80.692     87.566     0.29965     0.10126
356.08     73.425     80.102     183.11     0.11618     0.098526
107.96     43.73     80.034     127.3     0.19655     0.042833
103.96     52.008     80.027     158.32     0.10617     0.040156
369.36     33.841     80.012     199.84     0.13836     0.10012
157.09     27.286     79.528     85.748     0.36815     0.021312
406.14     38.777     78.757     155.1     0.20531     0.11721
86.09     22.646     78.709     152.56     0.29176     0.049553
165.09     32.843     78.561     123.76     0.23397     0.069506
219.17     33.941     78.434     128.05     0.3734     0.076822
356.08     17.043     78.294     183.11     0.086673      0.098526
182.03     57.755     77.993     133.93     0.14737     0.052653
405.13     41.628     77.979     110.31     0.20332     0.1083
369.36     43.699     77.918     199.84     0.12346     0.10012
105.94     71.627     77.558     108.49     0.22132     0.035236
109.03     64.927     77.364     161.19     0.16838     0.03534
160.97     27.678     76.976     120.68     0.34655     0.050192
125.09     25.908     76.864     171.04     0.43612     0.055411
394.09     53.821     76.791     200.56     0.07386     0.1104
125.09     46.008     75.703     171.04     0.18163     0.055411
223.07     31.402     75.543     142.62     0.2641     0.087141
227.04     74.85     75.519     101.01     0.13603     0.097228
379.33     32.892     75.486     119.22     0.15162     0.11651
164.99     21.915     75.393     106.3     0.1806     0.048999
395.09     18.989     75.321     148.44     0.24291     0.10984
369.36     45.848     75.213     199.84     0.092324      0.10012
180.09     56.777     74.971     99.337     0.20207     0.065631
369.36     70.44     74.838     199.84     0.10109     0.10012
369.36     47.138     74.669     199.84     0.13278     0.10012
369.36     34.543     74.382     199.84     0.17015     0.10012
89.957     28.996     74.341     124.35     0.25997     0.038916
139.08     25.853     74.197     140.29     0.37753     0.06799
164.99     16.832     74.084     106.3     0.12514     0.048999
107.07     39.616     73.763     138.38     0.17148     0.047143
393.09     22.601     73.714     273.54     0.2912     0.10761
183.09     28.003     73.443     203.13     0.22206     0.076015
163.06     29.389     73.343     107.8     0.15886     0.081881
124.05     34.489     73.223     125.24     0.19371     0.07288
135.1     27.136     73.055     98.351     0.24352     0.067594
299.06     27.932     72.993     131.42     0.25699     0.10535
415.22     20.672     72.89     111.93     0.11965     0.12329
124.05     32.906     72.589     125.24     0.22656     0.07288
109.03     70.417     72.507     161.19     0.1316     0.03534
151.08     26.876     72.413     119.3     0.35153     0.043865
209.15     32.674     72.25     125.92     0.23508     0.094147
133.1     63.007     72.214     174.41     0.18845     0.043063
89.957     35.922     72.184     124.35     0.169     0.038916
381.35     22.23     72.172     128.18     0.18504     0.10244
369.36     26.054     71.514     199.84     0.23755     0.10012
199.12     30.091     71.24     91.746     0.25969     0.079067
245.06     21.359     71.037     110.15     0.080296      0.12009
102.09     22.974     70.844     102.44     0.24921     0.036363
369.36     41.597     70.841     199.84     0.21184     0.10012
395.09     15.146     70.418     148.44     0.12276     0.10984
223.07     68.407     70.284     142.62     0.094032      0.087141
165.09     15.21     70.245     123.76     0.18631     0.069506
151     28.982     70.208     155.42     0.10326     0.074132
285.02     74.424     70.121     164.28     0.12582     0.086587
213.13     31.543     69.989     79.767     0.20563     0.11196
167.1     29.138     69.975     125.17     0.2979     0.070225
113.09     23.984     69.834     91.914     0.32842     0.055106
369.36     54.446     69.738     199.84     0.20619     0.10012
125.09     23.067     69.655     171.04     0.12536     0.055411
70.062     24.631     69.352     108.85     0.33631     0.021717
374.1     41.369     69.157     118.21     0.16858     0.11079
181.09     37.133     69.134     104.74     0.16528     0.094578
209.15     43.193     69.006     125.92     0.16777     0.094147
389.12     21.57     68.937     136.91     0.11796     0.12194
183.09     24.565     68.235     203.13     0.12679     0.076015
119.96     72.346     67.889     157.04     0.21195     0.040694
164.99     26.43     67.814     106.3     0.45173     0.048999
104.96     26.611     67.604     137.21     0.18067     0.031705
374.1     35.762     67.589     118.21     0.20241     0.11079
171.12     28.577     67.542     79.092     0.21808     0.089313
111.08     24.047     67.323     202.26     0.23499     0.050639
297.08     58.015     67.248     113.3     0.055514      0.10235
104.96     29.015     67.067     137.21     0.22877     0.031705
125.09     46.508     67.053     171.04     0.16808     0.055411
297.08     19.994     67.016     113.3     0.31704     0.10235
86.06     25.82     66.949     134.01     0.22189     0.03004
389.12     37.906     66.569     136.91     0.1939     0.12194
151     34.729     66.568     155.42     0.23692     0.074132
281.06     41.616     66.548     149.82     0.33357     0.11235
151     42.552     66.511     155.42     0.17439     0.074132
237.09     18.952     66.291     180.76     0.20579     0.081809
109.03     44.796     66.051     161.19     0.12501     0.03534
285.02     34.369     65.948     164.28     0.18097     0.086587
283.04     49.506     65.94     116.52     0.20578     0.12977
125.09     38.355     65.841     171.04     0.17826     0.055411
129.09     24.581     65.792     135.09     0.33667     0.053098
374.1     38.793     65.752     118.21     0.15675     0.11079
125.09     41.036     65.357     171.04     0.19785     0.055411
151     62.108     65.286     155.42     0.09381     0.074132
285.02     30.418     65.248     164.28     0.2057     0.086587
299.06     55.009     65.244     131.42     0.10278     0.10535
153.09     73.157     65.095     118.09     0.20483     0.08399
389.12     41.601     65.059     136.91     0.22397     0.12194
104.96     62.161     64.94     137.21     0.28392     0.031705
139.08     57.364     64.688     140.29     0.18734     0.06799
209.15     32.486     64.628     125.92     0.10631     0.094147
463.16     40.601     64.589     94.977     0.19504     0.14796
124.05     54.544     64.575     125.24     0.17386     0.07288
105.94     27.951     64.464     108.49     0.15704     0.035236
122.09     24.585     64.373     68.031     0.34231     0.022947
268.99     24.044     64.189     98.059     0.21029     0.082708
125.09     60.665     63.872     171.04     0.1906     0.055411
164.99     42.362     63.741     106.3     0.087532      0.048999
107.96     46.984     63.616     127.3     0.097468      0.042833
268.99     34.896     63.591     98.059     0.18653     0.082708
191     29.181     63.49     121.87     0.16006     0.062506
147.07     24.052     63.359     98.757     0.20987     0.062756
245.06     33.318     63.327     110.15     0.24467     0.12009
81.063     71.806     63.201     125.72     0.14714     0.039247
227.04     29.056     63.068     101.01     0.21615     0.097228
241.07     37.327     62.846     107.49     0.14998     0.11957
268.99     42.067     62.691     98.059     0.14911     0.082708
116.98     63.051     62.388     97.966     0.18139     0.04488
105.07     23.24     62.237     93.596     0.26907     0.038018
180.09     54.833     62.106     99.337     0.16308     0.065631
404.14     41.232     61.706     128.37     0.26856     0.13259
181.09     28.799     61.692     104.74     0.19117     0.094578
415.22     16.003     61.631     111.93     0.24052     0.12329
163.06     62.511     61.601     107.8     0.16972     0.081881
283.04     33.433     61.491     116.52     0.066275      0.12977
151.08     28.931     61.487     119.3     0.16973     0.043865
114.09     24.947     61.482     113.92     0.41143     0.048506
111.08     19.936     61.124     202.26     0.17893     0.050639
389.12     23.779     60.846     136.91     0.12344     0.12194
151     38.815     60.27     155.42     0.28396     0.074132
237.09     70.522     60.222     180.76     0.21868     0.081809
125.09     25.061     60.213     171.04     0.28085     0.055411
463.16     29.211     60.142     94.977     0.172     0.14796
151     70.21     60.134     155.42     0.062683      0.074132
147.07     34.191     60.132     98.757     0.22037     0.062756
395.09     21.121     60.052     148.44     0.28502     0.10984
209.06     23.755     59.726     138.22     0.23381     0.077535
164.99     28.058     59.225     106.3     0.16083     0.048999
107.96     32.92     59.182     127.3     0.36815     0.042833
195.12     61.152     59.168     112.76     0.13789     0.094025
237.09     53.013     59.084     180.76     0.13666     0.081809
111.08     45.168     58.799     202.26     0.19017     0.050639
425.15     26.698     58.742     111.9     0.17714     0.14492
225.05     40.832     58.679     105.67     0.16139     0.07082
415.22     26.918     58.674     111.93     0.13193     0.12329
105.94     51.061     58.421     108.49     0.14771     0.035236
223.07     34.643     58.291     142.62     0.22189     0.087141
195.12     67.565     58.009     112.76     0.23024     0.094025
207.17     44.719     57.946     146.42     0.16755     0.089648
136.99     29.191     57.913     77.496     0.10705     0.029912
138.06     25.82     57.871     125.71     0.26332     0.066676
91.051     54.003     57.691     76.835     0.15748     0.032817
209.15     23.594     57.253     125.92     0.25935     0.094147
114.09     25.104     57.148     113.92     0.15907     0.048506
130.06     34.415     57.123     143.48     0.12904     0.05724
147.07     46.004     57.064     98.757     0.18858     0.062756
139.1     58.059     56.857     129.16     0.10786     0.02143
195.12     27.532     56.333     112.76     0.10957     0.094025
133.1     61.223     56.285     174.41     0.15706     0.043063
404.14     19.5      56.244     128.37     0.125     0.13259
102.12     23.087     56.141     49.019     0.33477     0.01427
389.12     58.87     56.09     136.91     0.17226     0.12194
125.09     54.362     55.941     171.04     0.18822     0.055411
389.12     35.852     55.888     136.91     0.16711     0.12194
191.11     31.484     55.804     111.71     0.3139     0.11503
133.1     17.801     55.718     174.41     0.21887     0.043063
129.98     25.889     55.699     118.44     0.14659     0.042735
105.94     29.892     55.557     108.49     0.21075     0.035236
105.94     55.198     55.543     108.49     0.21846     0.035236
225.05     29.893     55.531     105.67     0.24655     0.07082
151.1     26.816     55.46     103.97     0.28912     0.025178
191.11     18.307     55.234     111.71     0.084147      0.11503
147.07     20.091     55.181     98.757     0.1515     0.062756
107.96     67.201     54.881     127.3     0.2436     0.042833
135.1     26.432     54.867     98.351     0.10174     0.067594
160.97     64.13     54.693     120.68     0.20803     0.050192
164.99     26.184     54.645     106.3     0.09238     0.048999
123.98     26.714     54.62     134.79     0.28004     0.051938
85.028     66.012     54.351     108.84     0.28038     0.029798
162.08     37.235     54.242     114.46     0.11039     0.068542
107.07     26.777     54.157     138.38     0.12194     0.047143
357.08     62.029     54.107     284.13     0.19202     0.10965
85.058     65.965     54.067     110.54     0.2496     0.046287
70.062     20.421     54.051     108.85     0.33537     0.021717
123.98     27.722     53.975     134.79     0.21887     0.051938
195.12     63.524     53.955     112.76     0.084395      0.094025
195.12     15.994     53.895     112.76     0.12311     0.094025
124.05     21.001     53.797     125.24     0.093342      0.07288
297.08     16.399     53.505     113.3     0.17512     0.10235
225.05     70.004     53.488     105.67     0.091043      0.07082
160.97     58.748     53.407     120.68     0.26348     0.050192
389.12     43.551     53.195     136.91     0.30931     0.12194
297.08     29.738     53.191     113.3     0.24112     0.10235
180.09     58.972     53.114     99.337     0.15008     0.065631
128.1     37.092     52.891     89.129     0.10076     0.068696
130.97     66.351     52.816     78.59     0.18208     0.04457
405.13     46.663     52.772     110.31     0.20316     0.1083
181.09     42.902     52.753     104.74     0.16652     0.094578
237.09     33.186     52.651     180.76     0.26598     0.081809
237.09     32.353     52.628     180.76     0.13776     0.081809
389.12     65.674     52.571     136.91     0.26588     0.12194
91.051     73.748     52.531     76.835     0.15132     0.032817
105.94     30.864     52.491     108.49     0.26594     0.035236
283.04     26.041     52.476     116.52     0.15652     0.12977
163.06     34.357     52.251     107.8     0.20526     0.081881
299.06     44.513     52.239     131.42     0.2195     0.10535
167.1     27.285     52.123     125.17     0.13586     0.070225
167.1     41.154     51.715     125.17     0.26678     0.070225
297.08     44.67     51.609     113.3     0.16813     0.10235
227.04     32.527     51.488     101.01     0.15198     0.097228
151.08     22.116     51.414     119.3     0.15915     0.043865
91.051     32.944     51.072     76.835     0.14919     0.032817
212.13     32.066     51.005     87.566     0.21167     0.10126
381.35     53.839     50.971     128.18     0.21544     0.10244
85.058     44.993     50.842     110.54     0.18486     0.046287
283.04     19.803     50.836     116.52     0.082527      0.12977
445.13     61.157     50.794     82.866     0.16014     0.13727
192.99     27.392     50.793     76.931     0.23068     0.06582
191     15.294     50.756     121.87     0.1815     0.062506
388.17     24.31     50.718     78.705     0.078512      0.033725
213.13     37.33     50.702     79.767     0.16523     0.11196
191.11     30.838     50.299     111.71     0.080629      0.11503
182.03     67.502     50.051     133.93     0.10346     0.052653
162.08     28.878     50.043     114.46     0.24095     0.068542
281.06     58.756     50.012     149.82     0.33737     0.11235
173.99     57.441     49.875     80.307     0.1099     0.06646
404.14     29.597     49.85     128.37     0.21137     0.13259
107.96     36.441     49.77     127.3     0.20553     0.042833
367.34     35.575     49.753     82.828     0.12398     0.10398
404.14     49.422     49.747     128.37     0.38575     0.13259
87.963     66.721     49.724     91.748     0.16094     0.03406
283.04     69.718     49.651     116.52     0.20366     0.12977
379.33     24.833     49.61     119.22     0.081931      0.11651
185.11     17.628     49.517     93.481     0.098786      0.090481
137.13     54.935     49.497     98.227     0.14425     0.025076
268.99     60.896     49.423     98.059     0.083857      0.082708
379.33     28.763     49.401     119.22     0.3193     0.11651
287.01     35.61     49.36     88.83     0.11651     0.11147
247.02     41.461     49.345     97.696     0.068205      0.11988
96.045     56.446     49.321     126.62     0.13387     0.044641
107.96     43.207     49.227     127.3     0.16034     0.042833
111.08     21.128     49.206     202.26     0.38043     0.050639
182.03     61.639     49.185     133.93     0.16038     0.052653
297.08     34.913     49.068     113.3     0.092669      0.10235
420.16     25.154     49.023     65.154     0.21114     0.11979
389.12     34.044     48.941     136.91     0.21411     0.12194
227.04     31.475     48.917     101.01     0.34834     0.097228
388.17     44.785     48.84     78.705     0.30251     0.033725
225.05     74.761     48.312     105.67     0.09211     0.07082
162     27.995     48.059     67.432     0.11634     0.053577
647.45     67.604     47.942     75.162     0.36107     0.15556
241.07     32.678     47.89     107.49     0.22715     0.11957
379.33     47.662     47.852     119.22     0.23129     0.11651
152.07     26.999     47.753     101.57     0.16742     0.063872
213.13     61.074     47.614     79.767     0.2944     0.11196
388.17     53.672     47.503     78.705     0.14987     0.033725
463.16     56.89     47.484     94.977     0.17356     0.14796
60.044     52.665     47.41     78.655     0.16722     0.024752
199.16     21.218     47.333     86.362     0.13371     0.026431
185.11     52.413     47.299     93.481     0.16385     0.090481
96.045     66.951     47.238     126.62     0.074587      0.044641
357.08     44.329     47.13     284.13     0.19076     0.10965
185.11     16.43     47.097     93.481     0.10458     0.090481
247.02     32.661     47.065     97.696     0.11507     0.11988
157.09     64.818     47.01     85.748     0.12405     0.021312
102.95     74.616     46.889     75.276     0.12275     0.044946
97.063     22.688     46.768     104.17     0.47709     0.037595
85.028     17.622     46.678     108.84     0.11619     0.029798
467.11     21.818     46.674     126.31     0.21208     0.12496
283.04     31.193     46.653     116.52     0.27632     0.12977
367.34     46.851     46.334     82.828     0.1716     0.10398
297.08     37.501     46.278     113.3     0.24248     0.10235
247.02     31.754     46.173     97.696     0.22046     0.11988
225.05     23.382     46.038     105.67     0.13126     0.07082
647.45     42.312     46.015     75.162     0.22881     0.15556
130.97     26.857     45.897     78.59     0.19678     0.04457
95.078     63.736     45.864     68.806     0.15344     0.014425
225.05     35.376     45.859     105.67     0.18703     0.07082
111.08     34.929     45.851     202.26     0.26223     0.050639
160.97     28.22     45.769     120.68     0.28648     0.050192
191.11     23.168     45.734     111.71     0.14456     0.11503
94.064     43.828     45.698     81.282     0.21097     0.03139
287.01     68.459     45.51     88.83     0.19089     0.11147
268.99     22.367     45.416     98.059     0.22649     0.082708
162.08     27.664     45.402     114.46     0.3365     0.068542
463.16     38.584     45.341     94.977     0.16089     0.14796
85.058     35.656     45.06     110.54     0.2753     0.046287
283.04     60.97     45.015     116.52     0.18308     0.12977
647.45     35.08     44.876     75.162     0.13826     0.15556
197.13     20.695     44.838     93.181     0.21953     0.10736
379.33     45.932     44.663     119.22     0.2562     0.11651
375.1     37.934     44.564     90.454     0.1574     0.1091
463.16     15.879     44.54     94.977     0.15242     0.14796
638.3     65.29     44.455     58.015     0.21839     0.15981
133.98     39.852     44.374     81.043     0.24979     0.055213
102.95     50.515     44.245     75.276     0.14699     0.044946
162.08     32.994     44.209     114.46     0.30435     0.068542
147.07     22.863     44.192     98.757     0.18425     0.062756
463.16     23.192     44.081     94.977     0.12824     0.14796
221.15     52.863     43.977     94.325     0.20642     0.081999
268.99     41.665     43.914     98.059     0.18019     0.082708
467.11     61.343     43.848     126.31     0.21855     0.12496
147.07     20.937     43.539     98.757     0.080459      0.062756
116.98     25.182     43.454     97.966     0.21067     0.04488
85.058     35.914     43.44     110.54     0.13887     0.046287
247.02     74.634     43.314     97.696     0.20561     0.11988
181.09     34.443     43.269     104.74     0.23861     0.094578
415.22     40.997     43.222     111.93     0.16109     0.12329
241.07     64.868     43.175     107.49     0.17605     0.11957
138.06     20.788     42.909     125.71     0.24063     0.066676
445.13     67.78     42.792     82.866     0.16829     0.13727
171.12     28.069     42.732     79.092     0.24181     0.089313
638.3     64.82     42.376     58.015     0.27352     0.15981
379.33     21.702     42.369     119.22     0.15032     0.11651
197.13     19.974     42.224     93.181     0.081335      0.10736
463.16     19.101     42.161     94.977     0.23425     0.14796
85.947     20.48     41.979     48.453     0.18552     0.028321
123.98     43.262     41.941     134.79     0.19954     0.051938
404.14     34.261     41.706     128.37     0.16422     0.13259
91.051     36.648     41.705     76.835     0.16178     0.032817
130.06     26.379     41.646     143.48     0.2274     0.05724
77.006     21.705     41.545     66.321     0.17904     0.025515
90.948     37.669     41.45     81.704     0.15485     0.028607
91.051     38.901     41.372     76.835     0.1647     0.032817
169.1     46.985     41.361     77.241     0.29168     0.029824
96.045     46.461     41.272     126.62     0.20467     0.044641
209.15     42.082     41.254     125.92     0.23313     0.094147
137.13     58.668     41.248     98.227     0.19691     0.025076
463.16     51.096     41.071     94.977     0.30865     0.14796
241.07     62.773     41.003     107.49     0.10529     0.11957
137.13     66.404     40.996     98.227     0.069608      0.025076
60.044     19.541     40.992     78.655     0.23013     0.024752
247.02     53.577     40.882     97.696     0.090463      0.11988
157.09     20.615     40.733     85.748     0.21436     0.021312
171.12     64.024     40.715     79.092     0.093516      0.089313
445.13     71.486     40.66     82.866     0.12161     0.13727
367.34     38.274     40.64     82.828     0.11261     0.10398
388.17     45.074     40.464     78.705     0.12271     0.033725
367.34     56.144     40.453     82.828     0.21404     0.10398
151.08     45.408     40.318     119.3     0.19142     0.043865
81.063     47.526     40.247     125.72     0.10476     0.039247
91.051     25.557     40.226     76.835     0.21563     0.032817
654.33     49.501     40.09     70.576     0.1682     0.1722
139.1     26.307     40.089     129.16     0.17109     0.02143
163.06     68.25     39.885     107.8     0.25096     0.081881
197.13     55.133     39.859     93.181     0.15587     0.10736
116.98     44.053     39.85     97.966     0.14696     0.04488
94.064     39.181     39.655     81.282     0.21988     0.03139
219.03     23.515     39.647     70.187     0.08628     0.080069
375.1     60.401     39.574     90.454     0.2771     0.1091
287.01     34.854     39.554     88.83     0.17105     0.11147
654.33     52.721     39.491     70.576     0.15266     0.1722
147.07     22.051     39.409     98.757     0.40599     0.062756
130.97     64.379     39.378     78.59     0.20662     0.04457
91.051     64.011     39.288     76.835     0.10289     0.032817
96.045     20.399     39.195     126.62     0.06996     0.044641
406.14     41.512     39.15     155.1     0.57198     0.11721
107.96     30.845     38.919     127.3     0.27273     0.042833
388.17     15.151     38.88     78.705     0.20857     0.033725
654.33     30.165     38.869     70.576     0.12779     0.1722
221.15     64.731     38.86     94.325     0.099552      0.081999
287.01     25.578     38.764     88.83     0.09707     0.11147
157.11     56.935     38.641     73.5      0.063982      0.020368
388.17     71.521     38.598     78.705     0.18397     0.033725
241.07     28.029     38.535     107.49     0.18347     0.11957
286.02     41.864     38.468     52.783     0.16249     0.086848
286.02     31.213     38.408     52.783     0.16188     0.086848
647.45     67.338     38.342     75.162     0.30493     0.15556
81.063     20.634     38.339     125.72     0.27422     0.039247
219.03     57.07     38.323     70.187     0.14987     0.080069
102.95     71.7      38.244     75.276     0.20122     0.044946
182.03     55.642     38.225     133.93     0.29435     0.052653
286.02     19.721     38.069     52.783     0.20692     0.086848
192.99     55.795     37.932     76.931     0.10105     0.06582
96.045     53.889     37.826     126.62     0.26873     0.044641
197.13     35.344     37.596     93.181     0.15882     0.10736
169.1     38.043     37.517     77.241     0.077125      0.029824
113.09     23.282     37.496     91.914     0.090745      0.055106
128.1     34.106     37.258     89.129     0.14112     0.068696
287.01     45.228     37.166     88.83     0.10197     0.11147
476.18     58.782     37.048     73.027     0.10842     0.041515
85.028     19.628     36.949     108.84     0.1523     0.029798
367.34     34.083     36.923     82.828     0.085707      0.10398
121.07     33.814     36.91     95.954     0.11368     0.024754
87.963     53.941     36.902     91.748     0.090387      0.03406
169.1     57.446     36.832     77.241     0.13585     0.029824
85.028     45.045     36.795     108.84     0.20936     0.029798
95.078     22.205     36.771     68.806     0.24019     0.014425
136.99     18.766     36.583     77.496     0.15601     0.029912
476.18     46.973     36.247     73.027     0.15377     0.041515
370.36     41.867     36.172     86.378     0.17894     0.099039
375.1     45.436     36.114     90.454     0.19232     0.1091
151.1     27.123     36.047     103.97     0.35303     0.025178
169.1     22.096     36.042     77.241     0.19604     0.029824
72.938     55.987     36.006     45.908     0.2187     0.024155
197.13     51.728     35.942     93.181     0.090025      0.10736
367.34     32.51     35.689     82.828     0.1235     0.10398
388.17     48.318     35.575     78.705     0.18909     0.033725
91.958     41.649     35.436     91.019     0.15752     0.029408
121.07     27.01     35.38     95.954     0.14397     0.024754
88.073     18.71     35.3      77.168     0.25383     0.028185
185.11     30.026     35.217     93.481     0.35998     0.090481
146.98     44.513     34.986     65.981     0.17945     0.05437
197.13     30.578     34.875     93.181     0.13403     0.10736
101.06     20.221     34.698     61.855     0.097338      0.03467
287.01     61.939     34.638     88.83     0.12612     0.11147
375.1     57.593     34.48     90.454     0.26957     0.1091
638.3     64.169     34.309     58.015     0.27708     0.15981
638.3     39.603     34.195     58.015     0.10787     0.15981
162     41.944     34.151     67.432     0.088007      0.053577
105.07     24.883     34.039     93.596     0.20843     0.038018
96.045     60.119     33.786     126.62     0.25285     0.044641
136.99     20.626     33.75     77.496     0.062267      0.029912
375.1     51.045     33.567     90.454     0.19045     0.1091
219.03     57.548     33.559     70.187     0.087469      0.080069
146.98     33.152     33.501     65.981     0.11571     0.05437
77.006     71.198     33.378     66.321     0.30047     0.025515
192.99     25.973     33.334     76.931     0.15944     0.06582
370.36     46.295     33.333     86.378     0.28637     0.099039
152.07     33.969     33.332     101.57     0.082762      0.063872
375.1     70.128     33.291     90.454     0.32781     0.1091
121.07     60.711     33.192     95.954     0.25293     0.024754
191.11     30.046     33.101     111.71     0.28042     0.11503
199.16     31.056     33.026     86.362     0.32247     0.026431
146.98     57.655     33.014     65.981     0.15311     0.05437
638.3     57.501     33.009     58.015     0.15663     0.15981
155.1     56.255     32.931     57.774     0.11598     0.077229
121.07     36.241     32.91     95.954     0.095579      0.024754
121.09     27.703     32.777     50.261     0.23001     0.018145
197.13     30.452     32.763     93.181     0.2184     0.10736
197.13     15.629     32.703     93.181     0.23336     0.10736
88.97     71.494     32.606     54.749     0.17973     0.032474
146.98     16.385     32.504     65.981     0.15374     0.05437
243.14     21.791     32.416     83.017     0.24364     0.084923
88.97     29.557     32.333     54.749     0.20714     0.032474
136.99     55.762     32.244     77.496     0.14605     0.029912
121.07     57.476     32.161     95.954     0.08257     0.024754
379.33     46.587     32.065     119.22     0.48247     0.11651
162     28.93     32.016     67.432     0.26848     0.053577
445.13     57.994     31.985     82.866     0.27801     0.13727
121.07     24.375     31.944     95.954     0.16565     0.024754
654.33     64.924     31.731     70.576     0.12817     0.1722
77.006     26.287     31.685     66.321     0.18202     0.025515
370.36     43.51     31.503     86.378     0.11398     0.099039
155.1     27.555     31.482     57.774     0.15585     0.077229
97.034     52.883     31.267     69.87     0.16164     0.0129
157.11     27.288     31.256     73.5      0.38468     0.020368
173.99     37.509     31.143     80.307     0.36729     0.06646
375.1     67.574     30.973     90.454     0.14139     0.1091
101.06     21.593     30.942     61.855     0.19367     0.03467
286.02     32.14     30.91     52.783     0.21085     0.086848
163.12     46.594     30.807     82.725     0.14463     0.030749
95.078     31.767     30.724     68.806     0.17482     0.014425
163.98     26.82     30.575     83.123     0.097518      0.050156
375.1     31.551     30.561     90.454     0.091215      0.1091
91.958     74.914     30.326     91.019     0.15328     0.029408
163.12     30.094     30.274     82.725     0.3117     0.030749
111.02     41.354     30.266     52.43     0.12773     0.021508
638.3     51.204     30.207     58.015     0.17712     0.15981
286.02     41.144     30.152     52.783     0.21815     0.086848
370.36     47.515     30.101     86.378     0.20082     0.099039
146.98     68.261     29.861     65.981     0.10782     0.05437
97.034     32.514     29.856     69.87     0.077073      0.0129
155.1     48.588     29.831     57.774     0.13848     0.077229
102.95     73.801     29.725     75.276     0.10625     0.044946
136.99     47.315     29.554     77.496     0.1255     0.029912
157.11     37.805     29.169     73.5      0.088338      0.020368
163.12     30.441     29.074     82.725     0.26354     0.030749
88.97     19.195     28.986     54.749     0.10811     0.032474
163.98     28.192     28.952     83.123     0.19288     0.050156
162     33.06     28.859     67.432     0.13734     0.053577
375.1     67.424     28.727     90.454     0.52148     0.1091
163.98     29.058     28.663     83.123     0.22071     0.050156
94.064     28.645     28.253     81.282     0.26388     0.03139
97.034     21.956     28.234     69.87     0.24269     0.0129
243.14     70.401     28.191     83.017     0.23828     0.084923
115.97     45.514     28.15     73.016     0.21511     0.048397
163.98     28.555     28.116     83.123     0.26087     0.050156
101.06     72.434     27.953     61.855     0.22178     0.03467
136.99     52.554     27.907     77.496     0.072968      0.029912
52.999     23.135     27.783     49.257     0.22463     0.01794
97.034     34.85     27.553     69.87     0.19422     0.0129
90.948     38.025     27.188     81.704     0.16947     0.028607
60.044     50.709     27.173     78.655     0.28462     0.024752
155.1     24.835     26.775     57.774     0.17838     0.077229
52.999     69.401     26.772     49.257     0.32457     0.01794
155.1     25.672     26.72     57.774     0.36862     0.077229
97.034     55.502     26.511     69.87     0.08986     0.0129
97.034     46.832     26.353     69.87     0.16659     0.0129
111.02     41.198     26.236     52.43     0.28635     0.021508
91.958     34.886     26     91.019     0.21451     0.029408
115.97     31.741     25.964     73.016     0.072809      0.048397
97.034     17.047     25.748     69.87     0.11245     0.0129
136.99     32.382     25.647     77.496     0.22975     0.029912
121.09     59.147     25.6      50.261     0.16456     0.018145
52.999     30.31     25.406     49.257     0.15966     0.01794
91.958     57.419     25.404     91.019     0.19481     0.029408
121.09     57.489     25.375     50.261     0.07537     0.018145
243.14     49.888     24.549     83.017     0.15405     0.084923
91.958     48.353     24.236     91.019     0.083358      0.029408
111.05     64.069     24.139     40.003     0.11518     0.010708
77.006     37.235     23.502     66.321     0.33027     0.025515
121.09     36.236     23.215     50.261     0.098038      0.018145
111.05     59.067     23.114     40.003     0.1001     0.010708
91.958     66.963     23.057     91.019     0.23189     0.029408
121.09     25.18     22.695     50.261     0.13003     0.018145
90.948     74.692     22.483     81.704     0.089656      0.028607
121.07     50.995     22.265     95.954     0.22829     0.024754
121.09     29.511     22.102     50.261     0.080639      0.018145
71.01     22.872     21.625     49.252     0.081497      0.02245
72.938     67.414     21.331     45.908     0.20845     0.024155
99.079     25.899     21.276     81.139     0.23408     0.038684
99.079     22.145     21.028     81.139     0.25442     0.038684
71.01     23.7      20.888     49.252     0.21341     0.02245
71.01     58.41     20.673     49.252     0.12184     0.02245
71.01     70.435     20.576     49.252     0.094244      0.02245
121.09     51.078     20.435     50.261     0.19522     0.018145
99.079     70.918     19.586     81.139     0.11864     0.038684
93.062     52.004     17.922     34.694     0.17595     0.033744
71.01     51.333     17.406     49.252     0.35161     0.02245
111.05     50.728     15.948     40.003     0.1987     0.010708
93.062     23.121     15.381     34.694     0.16261     0.033744
93.062     61.069     14.883     34.694     0.10277     0.033744
