MZ     DT     Ht     ECL widthDT widthMZ
371.11     41.448     2349.3     1001.2     0.32619    0.098842
108.08     23.135     1634.9     121.93     0.32445    0.031946
393.29     49.088     1229.4     152.02     0.60488    0.10843
387.18     44.684     1190      356.52     0.43059     0.12541
398.25     48.381     1103.2     155.56     0.47099     0.10761
376.27     49.197     1081.9     137.38     0.64142     0.10419
471.03     43.693     768.88     492.86     0.30468     0.12974
372.11     41.502     747.72     458.88     0.35644     0.099422
409.17     45.007     737.57     153.23     0.40674     0.11261
194.12     31.608     702.14     129.07     0.38799     0.058874
373.1     41.464     673.83     521.58     0.2656     0.098367
377.27     49.237     629.34     273.88     0.43625     0.10889
104.11     23.149     594.22     67.505     0.27463     0.033086
74.058     21.782     559.01     250.92     0.29762     0.022841
399.26     48.345     548.43     213.07     0.36037     0.128
316.21     39.118     537.27     98.254     0.38432     0.096765
394.29     49.11     490.27     184.12     0.42496     0.10968
414.22     48.616     478.09     185.65     0.39111     0.11988
65.057     19.003     443.63     224.29     0.29409     0.02037
425.15     45.201     416.25     154.58     0.35613     0.11913
202.18     31.015     404.44     70.302     0.38939     0.062663
115.07     23.163     404.32     340.88     0.2784     0.042303
132.1     27.357     387.49     111.05     0.3181     0.041299
123.06     24.871     361.3     184.04     0.28432     0.060014
166.09     29.131     343.76     175.76     0.28049     0.052899
192.16     30.143     343.14     133.27     0.30107     0.065566
118.98     26.579     335.05     300.69     0.44234     0.036104
157.11     28.293     330.88     252.29     0.27623     0.074715
80.048     20.724     329.67     145.14     0.30704     0.025169
212.12     32.334     326.47     92.808     0.30512     0.077176
118.98     26.63     307.5     300.69     0.13959     0.036104
75.089     21.359     307.33     61.565     0.25393     0.025894
109.1     23.291     285.4     324.14     0.31501     0.0417
445.13     75     273.16     137.72     0.11784     0.13688
157.17     28.322     270.15     74.7      0.2968     0.020616
388.16     44.632     268.56     234.69     0.37814     0.15526
355.08     41.602     260.69     340.19     0.32966     0.099286
137.12     26.359     251.48     213.56     0.33264     0.063297
136.01     24.766     246.54     216.91     0.30889     0.022653
550.22     54.289     238.92     177.78     0.32453     0.14313
132.96     26.607     236.41     218.74     0.61892     0.03832
150     26.612     231.77     312.79     0.43676     0.043338
338.35     45.246     230.99     228.52     0.4145     0.089776
127.11     25.347     220.61     164.68     0.28429     0.050138
141.04     25.037     220.33     108.97     0.32859     0.052162
72.078     22.493     209.6     83.546     0.24682     0.02305
245.05     32.942     208.58     165.2     0.24927     0.087704
113.09     24.033     207.05     110.95     0.3205     0.044333
90.054     23.74     206.89     61.539     0.30498     0.028594
60.077     19.573     205.3     73.699     0.24267     0.021799
199.16     31.103     193.41     183.62     0.36307     0.087195
121.98     26.523     193.12     257.85     0.25597     0.045942
195.13     31.729     189.44     220.22     0.34291     0.096172
109.03     21.234     185.44     242.87     0.29734     0.039374
141.09     25.036     179.87     163.54     0.38656     0.062646
132.96     26.853     179.86     218.74     0.14656     0.03832
235.19     33.973     174.53     156.5     0.25807     0.10226
116.07     24.664     171.46     147.19     0.33667     0.039791
183.08     29.314     169.44     281.55     0.3094     0.068337
203.05     29.919     169.24     131.04     0.27319     0.084387
415.22     47.461     165.26     162.59     0.3111     0.12459
117.97     26.578     164.77     208.39     0.25608     0.040138
58.062     21.34     163.24     46.023     0.25537     0.019434
117.97     27.816     162.94     208.39     0.2101     0.040138
148.06     26.608     161.76     116.07     0.44899     0.066552
114.09     25.054     153.02     115.32     0.33701     0.039434
121.98     27.672     150.86     257.85     0.34213     0.045942
121.98     26.729     150.33     257.85     0.12953     0.045942
410.17     45.1      148.51     146.58     0.40871     0.12379
647.45     67.512     146.06     134.96     0.29416     0.15667
393.09     20.228     144.49     213.58     0.29892     0.10796
61.033     21.27     141.58     114.08     0.29204     0.024628
355.08     37.098     139.73     340.19     0.18895     0.099286
137.06     19.771     139.46     332.98     0.12572     0.053992
118.08     25.768     139.34     82.748     0.313     0.041921
118.98     30.751     137.81     300.69     0.26971     0.036104
404.13     45.813     135.52     220.65     0.11586     0.12061
125.09     25.753     135.37     236.85     0.1986     0.047246
221.16     35.608     132.86     212.57     0.20475     0.080338
95.016     48.952     132.36     318.29     0.15557     0.029787
472.03     43.688     127.79     129.9     0.33106     0.13039
151     18.724     127.47     174.68     0.15334     0.075665
164.99     26.536     126.12     156.26     0.16693     0.048055
150     55.382     125.62     312.79     0.091807      0.043338
299.06     24.424     122.28     271.72     0.15956     0.1049
135.09     26.334     121.18     250.74     0.24523     0.066355
299.06     51.929     118.67     271.72     0.12206     0.1049
279.17     38.012     117.65     122.74     0.42791     0.11286
109.03     46.717     117.45     242.87     0.11722     0.039374
109.03     69.598     112.82     242.87     0.16157     0.039374
103.97     16.669     112.52     199.85     0.15998     0.044721
195.13     58.769     110.73     220.22     0.089967      0.096172
163.06     27.146     109.74     150.05     0.10782     0.079247
403.13     41.576     109.44     207.53     0.44239     0.10697
191.12     31.069     109.39     144.59     0.29507     0.10381
89.959     17.16     108.7     228.18     0.085059      0.0362
151     39.006     108.28     174.68     0.29215     0.075665
103.97     26.589     107.32     199.85     0.20278     0.044721
167.11     63.781     106.39     314.4     0.077214      0.073744
185.12     30.431     106.18     184.24     0.26818     0.10699
122.06     24.592     105.99     172.92     0.1803     0.059989
151.11     50.688     105.55     111.19     0.15641     0.02854
104.96     21.237     105.2     216.36     0.070701      0.030793
107.08     23.102     104.93     128.12     0.26254     0.045235
103.97     26.856     104.04     199.85     0.47675     0.044721
135.99     28.276     103.94     160.93     0.15665     0.022508
151     30.209     103.66     174.68     0.19413     0.075665
116.98     65.932     102.92     106.88     0.19253     0.039599
637.3     64.81     102.28     137.97     0.17237     0.16055
129.09     24.551     101.73     147.96     0.36443     0.046797
135.99     26.663     101.73     160.93     0.39325     0.022508
404.13     34.597     101.23     220.65     0.11709     0.12061
298.09     37.569     100.36     206.1     0.2944     0.093208
119.96     26.68     100.36     155.02     0.47871     0.046342
403.13     21.112     100.36     207.53     0.16203     0.10697
473.03     43.773     99.786     145.52     0.24456     0.1376
91.052     47.499     99.57     228.23     0.18204     0.031129
403.13     51.175     99.567     207.53     0.078053      0.10697
86.06     22.747     98.592     127.84     0.34867     0.028515
122.06     22.946     98.349     172.92     0.17246     0.059989
137.12     19.796     98.295     213.56     0.086858      0.063297
637.3     64.525     97.698     137.97     0.12964     0.16055
102.96     39.305     97.376     202.46     0.19737     0.046429
247.02     32.05     97.242     131     0.33729     0.10753
139.11     25.846     97.093     160.06     0.32918     0.023336
81.065     20.72     96.708     125.69     0.23725     0.034189
104.96     45.852     96.471     216.36     0.16676     0.030793
203.05     30.327     96.281     131.04     0.29027     0.084387
195.13     30.053     95.921     220.22     0.16365     0.096172
223.07     31.366     95.778     127.42     0.29814     0.089457
133.1     20.476     95.235     172.75     0.22349     0.04148
406.14     64.525     94.997     168.46     0.2319     0.11758
179.1     56.891     94.769     181.54     0.18628     0.086484
241.07     32.737     93.745     152.77     0.094256      0.11899
164.99     47.962     93.209     156.26     0.15003     0.048055
149.04     37.902     93.068     99.761     0.19909     0.085111
125.09     24.317     92.582     236.85     0.36727     0.047246
164.99     24.043     92.32     156.26     0.11105     0.048055
149.04     27.236     92.152     99.761     0.26361     0.085111
143.11     27.507     92.057     141.21     0.19569     0.047573
281.06     74.04     91.732     150.3     0.21147     0.095018
403.13     41.395     91.724     207.53     0.1379     0.10697
209.15     61.819     91.136     167.87     0.11271     0.071682
103.97     55.036     90.99     199.85     0.19031     0.044721
107.96     29.468     90.962     145.91     0.1997     0.04549
389.12     19.264     90.628     156.49     0.1792     0.11362
357.08     64.226     90.471     188.92     0.15231     0.10577
179.1     68.551     90.456     181.54     0.11941     0.086484
135.99     66.331     89.817     160.93     0.13651     0.022508
102.12     23.068     89.654     74.498     0.27293     0.016985
89.959     29.511     89.277     228.18     0.17174     0.0362
103.97     29.079     89.088     199.85     0.16616     0.044721
369.36     46.5      89.03     131     0.23606     0.10846
125.09     16.474     89.025     236.85     0.12707     0.047246
209.07     33.358     88.901     127.13     0.27461     0.07954
117.97     26.899     88.885     208.39     0.4351     0.040138
119.96     65.579     88.781     155.02     0.19489     0.046342
181.1     66.411     88.686     151.75     0.1375     0.11592
637.3     65.581     88.305     137.97     0.2608     0.16055
462.15     44.695     88.243     129.05     0.072606      0.13924
143.11     19.731     88.039     141.21     0.27789     0.047573
209.07     32.627     88.011     127.13     0.37345     0.07954
637.3     64.316     87.784     137.97     0.14366     0.16055
111.08     56.21     87.623     191.04     0.061152      0.046325
119.96     26.963     87.508     155.02     0.15991     0.046342
205.02     30.576     87.463     81.189     0.25295     0.087383
167.11     29.927     87.39     314.4     0.14352     0.073744
268.99     73.502     87.331     100.54     0.14569     0.089424
89.959     33.346     87.088     228.18     0.10802     0.0362
163.06     27.826     87.067     150.05     0.15948     0.079247
148     26.353     86.686     154.29     0.22056     0.059058
167.11     34.676     86.609     314.4     0.081992      0.073744
89.959     28.578     86.39     228.18     0.18726     0.0362
374.1     68.007     85.951     115.94     0.095564      0.10264
245.05     33.488     85.871     165.2     0.31803     0.087704
241.07     32.583     85.245     152.77     0.067801      0.11899
130.08     26.596     84.665     149.77     0.40674     0.066851
299.06     39.407     84.076     271.72     0.17792     0.1049
374.1     41.555     83.887     115.94     0.24431     0.10264
104.96     43.61     83.621     216.36     0.11911     0.030793
163.06     51.202     83.484     150.05     0.13933     0.079247
259.11     35.228     83.434     164.7     0.25094     0.10148
299.06     41.98     83.421     271.72     0.27981     0.1049
356.08     42.693     82.862     146.98     0.12857     0.099587
219.17     47.137     82.791     154.42     0.18587     0.071351
104.96     30.326     82.439     216.36     0.15471     0.030793
119.96     22.137     82.361     155.02     0.078398      0.046342
281.06     41.429     82.273     150.3     0.27472     0.095018
111.08     21.267     82.175     191.04     0.21256     0.046325
163.06     28.458     81.503     150.05     0.18118     0.079247
209.15     21.151     80.798     167.87     0.20926     0.071682
165.09     26.886     80.719     146.69     0.18069     0.06934
219.17     69.028     80.616     154.42     0.11514     0.071351
185.12     23.592     80.076     184.24     0.26113     0.10699
404.13     41.443     79.457     220.65     0.22243     0.12061
209.15     32.289     79.267     167.87     0.24189     0.071682
136.99     29.005     78.986     161.79     0.17058     0.070709
285.02     70.022     78.964     97.948     0.18902     0.079267
167.11     28.054     78.907     314.4     0.19538     0.073744
356.08     34.063     78.337     146.98     0.2341     0.099587
209.07     32.776     78.159     127.13     0.14498     0.07954
374.1     41.26     78.155     115.94     0.28273     0.10264
367.34     41.77     77.892     105.36     0.14258     0.10753
285.02     22.976     77.889     97.948     0.15182     0.079267
107.96     29.647     77.636     145.91     0.11568     0.04549
187.08     43.147     77.291     119.96     0.26552     0.11236
389.12     22.16     77.079     156.49     0.13643     0.11362
149.04     33.52     76.952     99.761     0.11784     0.085111
102.09     24.023     76.89     115.1     0.25657     0.039453
283.05     70.354     76.889     135.23     0.11768     0.13712
100.08     23.521     76.444     119.7     0.32605     0.032831
405.13     41.419     76.075     110.12     0.15745     0.11605
663.45     67.864     76.056     84.741     0.30411     0.14796
367.34     46.723     76.019     105.36     0.3251     0.10753
472.03     44.134     75.99     129.9     0.23851     0.13039
197.14     30.472     75.921     121.63     0.40605     0.10457
299.06     22.856     75.918     271.72     0.090188      0.1049
219.17     34.129     75.91     154.42     0.31618     0.071351
133.1     54.588     75.642     172.75     0.16783     0.04148
151     62.257     75.533     174.68     0.25607     0.075665
153.1     15.944     75.284     130.14     0.15449     0.0873
119.96     38.668     75.274     155.02     0.16053     0.046342
181.1     16.666     75.217     151.75     0.15665     0.11592
147.07     61.057     75.156     125.66     0.13393     0.055252
119.96     39.06     75.124     155.02     0.20396     0.046342
185.12     37.401     75.05     184.24     0.12208     0.10699
467.11     47.453     74.961     133.78     0.29585     0.13114
415.22     48.659     74.718     162.59     0.16081     0.12459
163.98     26.77     74.356     97.538     0.34294     0.05036
151.11     63.976     74.09     111.19     0.20261     0.02854
225.05     74.946     73.984     148.78     0.14416     0.079511
116.98     28.046     73.801     106.88     0.18814     0.039599
268.99     34.421     73.764     100.54     0.23122     0.089424
167.11     29.727     73.616     314.4     0.27976     0.073744
97.063     22.884     72.988     122.2     0.14591     0.033399
356.08     55.027     72.904     146.98     0.14749     0.099587
191.12     31.73     72.588     144.59     0.25864     0.10381
225.05     22.103     72.517     148.78     0.11892     0.079511
381.35     48.559     72.306     100.05     0.2698     0.10523
369.36     51.56     72.069     131     0.19458     0.10846
405.13     67.16     71.974     110.12     0.32294     0.11605
283.05     54.789     71.849     135.23     0.24457     0.13712
163.13     27.163     71.776     124.55     0.22092     0.03195
241.07     69.57     71.729     152.77     0.17303     0.11899
180.1     29.217     71.705     86.859     0.35711     0.061371
281.06     16.846     71.549     150.3     0.22044     0.095018
97.063     21.821     71.467     122.2     0.3615     0.033399
123.98     54.149     71.446     139.98     0.12356     0.041732
149.04     63.779     71.328     99.761     0.076071      0.085111
136.99     57.23     71.238     161.79     0.11586     0.070709
268.99     22.754     70.981     100.54     0.17806     0.089424
281.06     38.43     70.915     150.3     0.20996     0.095018
119.96     55.318     70.814     155.02     0.12294     0.046342
125.09     41.517     70.685     236.85     0.14802     0.047246
209.07     25.095     70.548     127.13     0.27638     0.07954
405.13     18.32     70.473     110.12     0.29571     0.11605
389.12     50.134     70.455     156.49     0.273     0.11362
225.05     74.849     70.056     148.78     0.25946     0.079511
169.06     73.624     70.046     168.02     0.38599     0.068696
147.07     57.202     69.652     125.66     0.24341     0.055252
357.08     41.553     69.607     188.92     0.26292     0.10577
116.98     38.198     69.563     106.88     0.12707     0.039599
111.08     70.385     69.441     191.04     0.26839     0.046325
149.04     26.558     69.135     99.761     0.2153     0.085111
379.33     74.518     69.093     140.63     0.16888     0.1118
185.12     34.846     68.938     184.24     0.10917     0.10699
135.99     44.433     68.424     160.93     0.15128     0.022508
155.1     73.555     68.355     145.32     0.1675     0.069338
299.06     26.805     68.145     271.72     0.12505     0.1049
153.1     38.592     68.126     130.14     0.31553     0.0873
139.08     60.991     68.016     130.03     0.20546     0.022452
169.06     23.41     68.015     168.02     0.18432     0.068696
281.06     42.578     67.959     150.3     0.12658     0.095018
182.03     35.52     67.95     135.08     0.18786     0.054223
136.99     30.543     67.851     161.79     0.10459     0.070709
445.13     26.069     67.761     137.72     0.11292     0.13688
215     30.915     67.686     113.57     0.35064     0.06632
238.18     23.083     67.653     124.11     0.27482     0.093154
207.17     38.548     67.52     150.49     0.12909     0.084883
356.08     36.719     67.475     146.98     0.17269     0.099587
181.1     30.149     67.39     151.75     0.28061     0.11592
389.12     41.623     67.346     156.49     0.29055     0.11362
297.08     36.749     67.183     120.94     0.30376     0.098365
111.08     41.761     67.065     191.04     0.09727     0.046325
147.07     19.774     66.999     125.66     0.12079     0.055252
179.1     34.805     66.831     181.54     0.1942     0.086484
88.973     19.07     66.656     124.27     0.2576     0.037234
221.16     25.25     66.555     212.57     0.19248     0.080338
107.96     35.571     66.45     145.91     0.10015     0.04549
369.36     57.944     66.353     131     0.29923     0.10846
207.17     35.766     66.268     150.49     0.21633     0.084883
163.06     59.058     66.125     150.05     0.2157     0.079247
105.07     16.253     66.073     147.07     0.15039     0.037344
107.08     65.013     66.034     128.12     0.1089     0.045235
175.11     57.215     65.943     106.21     0.11001     0.10169
111.08     23.479     65.729     191.04     0.12387     0.046325
209.07     73.501     65.393     127.13     0.095631      0.07954
467.11     59.85     65.168     133.78     0.1762     0.13114
102.96     72.103     65.081     202.46     0.20835     0.046429
209.07     26.415     65.068     127.13     0.12935     0.07954
297.08     26.674     64.815     120.94     0.1619     0.098365
179.1     43.334     64.746     181.54     0.22129     0.086484
139.08     25.817     64.715     130.03     0.37315     0.022452
225.05     35.622     64.615     148.78     0.11327     0.079511
406.14     41.306     64.439     168.46     0.32708     0.11758
169.06     45.325     64.403     168.02     0.10591     0.068696
287.02     38.551     64.313     102.44     0.12274     0.11487
193.15     37.275     64.299     118.95     0.14813     0.042233
247.02     26.396     64.117     131     0.13234     0.10753
209.07     38.157     63.891     127.13     0.1155     0.07954
102.09     24.515     63.851     115.1     0.38462     0.039453
219.17     52.102     63.803     154.42     0.145     0.071351
259.11     32.911     63.67     164.7     0.26701     0.10148
237.09     35.825     63.607     109.18     0.23565     0.077764
462.15     46.479     63.597     129.05     0.25142     0.13924
105.94     54.683     63.518     108.9     0.29868     0.036396
165.09     73.563     63.447     146.69     0.15523     0.06934
301.05     72.24     63.406     92.014     0.18576     0.14873
356.08     40.143     63.265     146.98     0.082898      0.099587
153.1     28.93     63.193     130.14     0.078923      0.0873
476.2     54.556     63.17     116.2     0.10563     0.13114
173.98     29.349     63.05     122.68     0.27637     0.056367
637.3     25.677     62.862     137.97     0.15884     0.16055
139.08     27.432     62.645     130.03     0.12907     0.022452
169.06     66.572     62.537     168.02     0.16691     0.068696
297.08     38.179     62.489     120.94     0.11539     0.098365
356.08     62.055     62.459     146.98     0.11791     0.099587
219.17     33.897     62.2      154.42     0.34059     0.071351
367.34     47.759     61.837     105.36     0.33486     0.10753
209.15     23.045     61.602     167.87     0.078594      0.071682
225.05     67.205     61.578     148.78     0.078116      0.079511
187.08     58.588     61.373     119.96     0.17834     0.11236
215     44.551     61.015     113.57     0.26343     0.06632
179.1     27.71     60.995     181.54     0.20573     0.086484
405.13     31.199     60.845     110.12     0.23072     0.11605
406.14     65.644     60.817     168.46     0.081825      0.11758
462.15     25.084     60.812     129.05     0.1695     0.13924
155.1     60.262     60.551     145.32     0.084917      0.069338
88.973     37.175     60.437     124.27     0.12787     0.037234
182.03     63.368     60.383     135.08     0.20258     0.054223
151.11     27.269     60.18     111.19     0.33682     0.02854
107.96     48.656     60.075     145.91     0.14084     0.04549
356.08     18.466     59.972     146.98     0.079028      0.099587
155.1     37.796     59.942     145.32     0.19679     0.069338
151.11     27.059     59.872     111.19     0.42765     0.02854
268.99     24.987     59.712     100.54     0.16325     0.089424
88.973     17.227     59.568     124.27     0.27854     0.037234
187.08     33.289     59.485     119.96     0.17236     0.11236
181.1     29.334     59.331     151.75     0.28669     0.11592
215     31.829     59.091     113.57     0.12962     0.06632
97.063     21.649     58.808     122.2     0.21126     0.033399
123.11     35.747     58.416     65.217     0.046607      0.019354
165.09     71.529     58.382     146.69     0.1665     0.06934
87.966     32.708     58.372     77.596     0.22292     0.035464
467.11     47.242     58.276     133.78     0.21527     0.13114
182.03     23.061     58.19     135.08     0.12697     0.054223
88.973     49.782     58.174     124.27     0.11387     0.037234
219.03     29.808     58.149     75.251     0.19102     0.084804
241.07     43.94     58.109     152.77     0.27212     0.11899
225.05     31.107     58.067     148.78     0.18404     0.079511
369.36     53.432     57.974     131     0.22061     0.10846
125.09     19.731     57.902     236.85     0.2333     0.047246
97.063     21.039     57.835     122.2     0.18846     0.033399
147.07     68.426     57.768     125.66     0.42143     0.055252
177.16     17.835     57.706     90.456     0.11643     0.086693
267.02     72.931     57.667     98.772     0.20484     0.10683
121.06     24.855     57.541     70.704     0.25094     0.017027
215     51.681     57.283     113.57     0.18954     0.06632
390.12     22.178     57.146     161.62     0.27112     0.1134
187.08     49.024     57.113     119.96     0.22261     0.11236
339.34     29.791     57.091     68.322     0.1234     0.11683
52.999     29.181     56.942     89.176     0.17114     0.017459
339.34     46.884     56.941     68.322     0.32449     0.11683
111.08     15.544     56.874     191.04     0.1958     0.046325
285.02     48.629     56.854     97.948     0.14571     0.079267
301.05     41.119     56.729     92.014     0.2984     0.14873
219.17     32.867     56.531     154.42     0.22709     0.071351
105.94     30.189     56.53     108.9     0.1804     0.036396
119.08     27.72     56.172     101.13     0.26612     0.053609
467.11     42.47     56.12     133.78     0.27228     0.13114
467.11     66.059     56.078     133.78     0.09734     0.13114
116.98     26.72     56.051     106.88     0.35858     0.039599
105.07     38.758     55.802     147.07     0.084946      0.037344
287.02     71.916     55.786     102.44     0.13438     0.11487
209.15     66.508     55.75     167.87     0.14506     0.071682
100.08     57.929     55.626     119.7     0.16228     0.032831
175.11     48.987     55.378     106.21     0.12136     0.10169
356.08     67.672     55.345     146.98     0.12971     0.099587
381.35     47.391     55.333     100.05     0.4283     0.10523
367.34     46.198     55.083     105.36     0.093476      0.10753
285.02     48.231     54.7      97.948     0.2956     0.079267
339.34     32.102     54.612     68.322     0.17204     0.11683
238.18     53.962     54.442     124.11     0.30273     0.093154
285.02     37.073     54.409     97.948     0.26474     0.079267
177.16     28.185     54.313     90.456     0.068599      0.086693
445.13     56.613     54.193     137.72     0.11686     0.13688
356.08     22.706     54.185     146.98     0.22207     0.099587
123.11     67.357     54.062     65.217     0.19485     0.019354
163.06     29.892     53.964     150.05     0.41912     0.079247
207.17     52.591     53.912     150.49     0.21567     0.084883
128.1     63.697     53.658     97.27     0.23268     0.052756
467.11     57.891     53.658     133.78     0.13294     0.13114
148     74.423     53.645     154.29     0.1511     0.059058
406.14     70.377     53.625     168.46     0.17524     0.11758
153.1     42.479     53.617     130.14     0.24016     0.0873
243.14     31.039     53.355     114.43     0.31195     0.093478
367.34     48.691     53.255     105.36     0.21264     0.10753
182.03     17.804     53.12     135.08     0.12885     0.054223
128.1     65.648     52.644     97.27     0.22569     0.052756
100.08     41.821     52.469     119.7     0.11729     0.032831
219.03     47.72     52.416     75.251     0.14908     0.084804
106.06     24.363     52.376     96.638     0.23339     0.045647
286.02     49.646     52.332     66.084     0.06417     0.091029
267.02     39.691     52.229     98.772     0.10187     0.10683
381.35     29.005     52.082     100.05     0.26277     0.10523
52.999     27.728     52.056     89.176     0.16113     0.017459
139.08     24.847     51.927     130.03     0.14795     0.022452
259.11     21.824     51.791     164.7     0.15941     0.10148
88.973     26.7      51.451     124.27     0.11416     0.037234
462.15     27.304     51.363     129.05     0.21883     0.13924
180.1     29.816     50.684     86.859     0.41375     0.061371
152.07     41.057     50.671     101.65     0.16073     0.059536
138.06     70.476     50.631     75.429     0.14633     0.053597
285.02     44.336     50.625     97.948     0.080723      0.079267
463.15     62.101     50.534     79.488     0.065823      0.13243
238.18     66.682     50.313     124.11     0.19868     0.093154
285.02     67.216     50.22     97.948     0.18907     0.079267
52.999     60.638     50.211     89.176     0.13143     0.017459
476.2     43.278     49.766     116.2     0.18028     0.13114
207.17     32.108     49.536     150.49     0.26638     0.084883
163.13     30.028     49.337     124.55     0.39055     0.03195
287.02     42.693     49.243     102.44     0.017976      0.11487
285.02     38.299     49.168     97.948     0.24001     0.079267
227.04     47.122     49.14     122.52     0.28332     0.088849
267.02     35.503     49.129     98.772     0.27082     0.10683
463.15     46.488     49.028     79.488     0.14842     0.13243
105.94     47.256     48.984     108.9     0.15679     0.036396
85.06     17.971     48.96     82.609     0.16328     0.037559
406.14     20.317     48.939     168.46     0.14393     0.11758
175.11     42.206     48.891     106.21     0.2157     0.10169
163.13     30.644     48.717     124.55     0.20622     0.03195
182.03     26.645     48.707     135.08     0.35702     0.054223
128.07     43.096     48.625     69.833     0.19689     0.053617
175.11     31.494     48.551     106.21     0.28759     0.10169
52.999     25.166     48.548     89.176     0.2111     0.017459
237.09     21.645     48.543     109.18     0.44471     0.077764
88.973     27.355     48.535     124.27     0.1123     0.037234
259.11     35.948     48.382     164.7     0.19614     0.10148
85.06     68.042     48.34     82.609     0.26571     0.037559
163.98     55.849     48.336     97.538     0.17792     0.05036
476.2     72.057     48.286     116.2     0.10069     0.13114
88.075     22.284     48.1      64.48     0.10608     0.030483
215     33.393     48.011     113.57     0.27632     0.06632
285.02     32.798     47.986     97.948     0.14624     0.079267
229.03     62.951     47.769     65.349     0.18449     0.093173
124.08     24.653     47.648     75.047     0.15622     0.022181
339.34     45.537     47.532     68.322     0.24521     0.11683
467.11     31.799     47.497     133.78     0.32201     0.13114
375.1     62.01     47.463     101.48     0.20801     0.12141
463.15     66.129     47.455     79.488     0.22777     0.13243
71.949     15.593     47.432     70.463     0.14959     0.036471
148     40.253     47.161     154.29     0.08069     0.059058
175.11     57.653     47.142     106.21     0.08344     0.10169
283.05     36.823     46.974     135.23     0.16169     0.13712
138.06     40.364     46.773     75.429     0.13108     0.053597
123.98     35.938     46.634     139.98     0.12321     0.041732
155.1     19.066     46.436     145.32     0.2182     0.069338
155.1     28.305     46.374     145.32     0.31068     0.069338
476.2     38.299     46.369     116.2     0.11084     0.13114
339.34     45.157     46.368     68.322     0.24529     0.11683
375.1     54.595     46.297     101.48     0.16803     0.12141
285.02     41.363     46.296     97.948     0.37993     0.079267
134.97     26.848     46.247     67.491     0.34374     0.048771
77.007     44.466     46.165     70.942     0.15503     0.028921
267.02     21.869     46.133     98.772     0.19505     0.10683
139.08     26.089     46.12     130.03     0.34728     0.022452
394.09     31.371     45.98     104.26     0.32517     0.11944
379.33     71.69     45.929     140.63     0.18718     0.1118
476.2     47.283     45.812     116.2     0.28151     0.13114
227.04     44.272     45.767     122.52     0.30033     0.088849
99.079     21.725     45.753     101.76     0.076542      0.035226
130.97     64.841     45.689     117.57     0.10127     0.048158
94.064     44.997     45.612     81.263     0.17827     0.03463
175.11     31.989     45.583     106.21     0.082221      0.10169
52.999     54.437     45.522     89.176     0.068115      0.017459
77.007     42.016     45.468     70.942     0.16058     0.028921
139.08     71.396     45.448     130.03     0.23947     0.022452
128.1     33.332     45.419     97.27     0.12935     0.052756
462.15     23.07     45.283     129.05     0.17304     0.13924
136.99     60.372     45.103     161.79     0.33702     0.070709
130.08     46.266     45.017     149.77     0.23067     0.066851
406.14     58.863     44.942     168.46     0.088426      0.11758
243.04     48.432     44.711     200.49     0.16534     0.095134
394.09     40.14     44.468     104.26     0.097822      0.11944
301.05     29.444     44.453     92.014     0.17566     0.14873
85.029     35.026     44.375     86.324     0.19091     0.028767
173.98     30.829     44.345     122.68     0.068107      0.056367
243.04     32.206     44.202     200.49     0.20776     0.095134
85.06     35.075     43.969     82.609     0.2033     0.037559
177.16     46.141     43.707     90.456     0.08555     0.086693
71.949     55.761     43.695     70.463     0.15066     0.036471
60.044     44.216     43.615     72.591     0.14555     0.023393
152.07     39.163     43.439     101.65     0.24857     0.059536
381.35     72.366     43.405     100.05     0.21067     0.10523
153.12     69.119     43.032     117.85     0.07943     0.020056
52.999     47.138     42.628     89.176     0.18855     0.017459
177.16     30.168     42.616     90.456     0.35045     0.086693
146.98     28.955     42.601     99.691     0.21815     0.054487
175.11     28.558     42.592     106.21     0.41219     0.10169
101.06     37.346     42.558     56.262     0.18303     0.035161
52.999     24.082     42.554     89.176     0.12717     0.017459
99.079     21.121     42.509     101.76     0.10244     0.035226
90.949     53.853     42.478     79.214     0.10463     0.029129
243.04     33.776     42.311     200.49     0.083132      0.095134
94.064     74.13     42.211     81.263     0.19897     0.03463
168.01     56.457     42.102     105.14     0.080302      0.051005
138.06     62.225     41.906     75.429     0.095065      0.053597
71.949     33.862     41.841     70.463     0.11318     0.036471
168.01     69.288     41.773     105.14     0.21095     0.051005
227.04     48.435     41.729     122.52     0.13735     0.088849
83.049     23.123     41.727     70.582     0.27797     0.0288
375.1     74.512     41.545     101.48     0.079533      0.12141
243.04     65.557     41.394     200.49     0.18503     0.095134
124.08     20.974     41.325     75.047     0.20824     0.022181
177.16     31.142     41.189     90.456     0.37314     0.086693
85.029     58.632     41.119     86.324     0.1303     0.028767
152.07     73.431     41.102     101.65     0.21698     0.059536
101.06     22.173     40.984     56.262     0.18622     0.035161
99.079     22.238     40.914     101.76     0.15711     0.035226
123.98     58.571     40.814     139.98     0.38768     0.041732
146.98     57.28     40.791     99.691     0.1807     0.054487
94.064     60.251     40.674     81.263     0.15717     0.03463
173.98     45.496     40.553     122.68     0.13587     0.056367
394.09     45.003     40.528     104.26     0.2021     0.11944
90.949     27.714     40.525     79.214     0.20338     0.029129
71.046     51.09     40.428     75.737     0.12598     0.032235
390.12     24.432     40.278     161.62     0.20124     0.1134
243.14     35.179     40.252     114.43     0.16975     0.093478
283.05     41.565     40.219     135.23     0.18546     0.13712
71.949     67.043     40.116     70.463     0.20113     0.036471
99.079     20.694     39.981     101.76     0.26599     0.035226
119.08     72.87     39.977     101.13     0.23241     0.053609
175.11     29.32     39.838     106.21     0.17552     0.10169
169.1     39.208     39.793     78.019     0.10759     0.032772
100.08     71.506     39.791     119.7     0.43646     0.032831
175.11     30.323     39.717     106.21     0.4131     0.10169
287.02     21.209     39.657     102.44     0.14975     0.11487
193.15     51.226     39.521     118.95     0.21784     0.042233
171.13     27     39.276     81.487     0.092171      0.080526
267.02     22.022     39.27     98.772     0.38507     0.10683
71.949     38.021     39.213     70.463     0.15962     0.036471
106.06     39.661     39.152     96.638     0.079988      0.045647
119.08     27.28     39.011     101.13     0.21656     0.053609
130.97     30.66     39.005     117.57     0.18689     0.048158
152.07     37.268     38.986     101.65     0.20256     0.059536
219.03     62.305     38.859     75.251     0.14709     0.084804
106.06     49.73     38.722     96.638     0.11223     0.045647
394.09     74.268     38.693     104.26     0.11411     0.11944
133.97     26.524     38.646     73.11     0.21115     0.052075
168.01     40.861     38.643     105.14     0.14263     0.051005
227.04     37.365     38.567     122.52     0.24092     0.088849
153.12     15.933     38.562     117.85     0.12555     0.020056
138.06     65.886     38.483     75.429     0.073245      0.053597
70.063     20.499     38.481     58.295     0.2212     0.022519
175.11     69.962     38.311     106.21     0.24451     0.10169
115.97     69.753     38.259     72.624     0.07634     0.054301
229.03     61.335     38.201     65.349     0.11543     0.093173
91.958     38.489     38.037     75.978     0.14685     0.028549
128.07     47.012     37.649     69.833     0.42725     0.053617
219.03     63.81     37.613     75.251     0.16875     0.084804
86.093     27.177     37.546     72.01     0.36871     0.014861
229.03     38.93     37.434     65.349     0.27233     0.093173
87.966     31.744     37.327     77.596     0.10102     0.035464
166.99     26.907     37.316     84.615     0.30946     0.059881
72.044     25.935     37.309     55.862     0.23447     0.027944
395.09     51.541     37.272     62.69     0.098034      0.11914
171.13     18     37.081     81.487     0.086413      0.080526
287.02     30.055     36.975     102.44     0.092481      0.11487
93.063     23.124     36.889     60.205     0.17308     0.037119
91.958     66.606     36.884     75.978     0.37082     0.028549
115.97     39.987     36.865     72.624     0.23006     0.054301
173.98     17.229     36.863     122.68     0.21039     0.056367
394.09     48.434     36.667     104.26     0.19178     0.11944
171.13     17.039     36.616     81.487     0.084927      0.080526
72.044     72.629     36.588     55.862     0.16156     0.027944
243.04     44.186     36.539     200.49     0.26393     0.095134
99.079     58.22     36.47     101.76     0.12052     0.035226
191     29.293     36.424     78.774     0.53417     0.06041
96.044     19.607     36.371     85.273     0.15856     0.042016
152.07     51.62     36.279     101.65     0.17958     0.059536
286.02     28.863     36.228     66.084     0.15904     0.091029
102.12     51.454     35.983     74.498     0.1908     0.016985
146.98     26.606     35.983     99.691     0.24463     0.054487
485.05     20.679     35.975     58.182     0.22288     0.14511
173.98     51.054     35.949     122.68     0.2562     0.056367
391.11     41.637     35.93     95.865     0.19317     0.11648
168.01     27.632     35.927     105.14     0.12556     0.051005
85.06     20.154     35.802     82.609     0.095026      0.037559
463.15     51.606     35.576     79.488     0.084725      0.13243
88.075     54.604     35.559     64.48     0.065153      0.030483
88.075     60.816     35.555     64.48     0.12126     0.030483
85.029     17.932     35.494     86.324     0.23111     0.028767
115.97     28.068     35.457     72.624     0.2067     0.054301
146.98     63.2      35.393     99.691     0.21346     0.054487
229.03     31.265     35.278     65.349     0.10739     0.093173
52.999     32.003     35.257     89.176     0.23464     0.017459
171.13     29.38     35.223     81.487     0.37331     0.080526
283.1     37.561     35.172     39.443     0.15499     0.025505
119.08     23.761     35.155     101.13     0.46694     0.053609
95.082     21.85     35.037     82.7      0.20668     0.015256
162     62.06     35.007     55.499     0.26437     0.050246
169.1     44.685     34.799     78.019     0.1944     0.032772
70.063     58.028     34.711     58.295     0.15473     0.022519
115.97     74.936     34.71     72.624     0.082868      0.054301
131.97     32.202     34.609     108.2     0.13983     0.048768
463.15     43.406     34.579     79.488     0.23674     0.13243
115.97     67.077     34.4      72.624     0.16141     0.054301
485.05     72.602     34.319     58.182     0.24295     0.14511
286.02     67.713     34.295     66.084     0.12088     0.091029
129.98     20.807     34.269     81.375     0.16261     0.042132
87.966     47.892     34.188     77.596     0.1561     0.035464
87.966     74.395     34.181     77.596     0.34643     0.035464
77.036     71.472     34.083     38.468     0.23272     0.015253
70.063     21.209     34.078     58.295     0.18811     0.022519
115.97     63.543     33.982     72.624     0.20277     0.054301
394.09     43.817     33.964     104.26     0.19074     0.11944
152.07     32.207     33.906     101.65     0.30414     0.059536
287.02     42.781     33.846     102.44     0.35571     0.11487
115.97     22.784     33.649     72.624     0.14141     0.054301
169.1     73.719     33.616     78.019     0.24338     0.032772
77.007     26.661     33.613     70.942     0.14798     0.028921
83.049     60.684     33.597     70.582     0.20031     0.0288
162     53.586     33.581     55.499     0.159     0.050246
391.11     42.125     33.578     95.865     0.15356     0.11648
391.11     43.663     33.502     95.865     0.11286     0.11648
85.029     67.149     33.5      86.324     0.082142      0.028767
166.99     73.623     33.483     84.615     0.092015      0.059881
128.07     63.681     33.43     69.833     0.19023     0.053617
133.97     36.643     33.382     73.11     0.16371     0.052075
138.06     26.529     33.295     75.429     0.15523     0.053597
88.075     40.403     33.249     64.48     0.2444     0.030483
120.07     25.22     33.19     50.324     0.21179     0.024539
166.99     31.57     33.121     84.615     0.16214     0.059881
152.07     53.425     33.033     101.65     0.16156     0.059536
93.063     36.527     33.022     60.205     0.19107     0.037119
391.11     38.831     33.009     95.865     0.12709     0.11648
485.05     50.123     32.981     58.182     0.11051     0.14511
153.99     21.224     32.971     66.052     0.26805     0.044221
391.11     29.76     32.839     95.865     0.11503     0.11648
211.16     46.443     32.816     70.386     0.11301     0.025714
171.13     28.629     32.675     81.487     0.24737     0.080526
71.01     22.796     32.593     105.75     0.28313     0.024469
129.98     17.404     32.152     81.375     0.17609     0.042132
168.01     22.451     32.087     105.14     0.13452     0.051005
168.01     32.768     32.022     105.14     0.28543     0.051005
124.08     17.653     31.994     75.047     0.17187     0.022181
391.11     69.707     31.954     95.865     0.23409     0.11648
99.079     74.623     31.926     101.76     0.13954     0.035226
131.97     60.676     31.901     108.2     0.2547     0.048768
71.01     33.552     31.853     105.75     0.16648     0.024469
131.97     67.972     31.822     108.2     0.11628     0.048768
211.16     19.563     31.783     70.386     0.17479     0.025714
88.075     68.484     31.656     64.48     0.25786     0.030483
152.07     68.556     31.515     101.65     0.15368     0.059536
129.98     57.948     31.438     81.375     0.14745     0.042132
171.13     60.264     31.424     81.487     0.13866     0.080526
87.966     74.337     31.421     77.596     0.19521     0.035464
169.1     58.975     31.394     78.019     0.11059     0.032772
96.044     27.065     31.257     85.273     0.16739     0.042016
138.06     22.897     31.191     75.429     0.16231     0.053597
131.97     62.519     31.19     108.2     0.11144     0.048768
129.98     30.037     31.164     81.375     0.19628     0.042132
485.05     22.26     31.1      58.182     0.18928     0.14511
130.97     35.495     31.045     117.57     0.16085     0.048158
219.03     73.94     31.027     75.251     0.17366     0.084804
87.966     50.519     30.978     77.596     0.14326     0.035464
153.99     31.719     30.877     66.052     0.22611     0.044221
91.958     32.627     30.801     75.978     0.13035     0.028549
52.999     22.236     30.727     89.176     0.39495     0.017459
229.03     32.704     30.681     65.349     0.29593     0.093173
87.966     34.536     30.677     77.596     0.18869     0.035464
90.949     30.529     30.631     79.214     0.36532     0.029129
146.98     45.481     30.63     99.691     0.1057     0.054487
153.99     70.309     30.619     66.052     0.09019     0.044221
95.082     24.112     30.618     82.7      0.091511      0.015256
130.97     61.385     30.596     117.57     0.090939      0.048158
87.966     29.421     30.594     77.596     0.18253     0.035464
391.11     40.323     30.382     95.865     0.076808      0.11648
130.97     15.367     30.339     117.57     0.12628     0.048158
60.044     52.257     30.29     72.591     0.12932     0.023393
153.99     26.594     30.256     66.052     0.37675     0.044221
70.063     42.982     30.23     58.295     0.12373     0.022519
131.97     41.734     30.188     108.2     0.18483     0.048768
95.082     22.363     30.177     82.7      0.18533     0.015256
120.07     53.716     30.14     50.324     0.20902     0.024539
283.1     39.303     30.132     39.443     0.066253      0.025505
95.082     53.784     30.131     82.7      0.22273     0.015256
129.98     38.304     30.01     81.375     0.26036     0.042132
229.03     49.646     30.005     65.349     0.18336     0.093173
77.007     71.372     29.964     70.942     0.16929     0.028921
191.11     31.078     29.795     44.205     0.25843     0.022043
83.049     60.257     29.722     70.582     0.1638     0.0288
120.07     22.516     29.721     50.324     0.16634     0.024539
169.1     45.355     29.688     78.019     0.098843      0.032772
115.97     54.432     29.617     72.624     0.075197      0.054301
169.1     36.225     29.604     78.019     0.1237     0.032772
286.02     60.084     29.567     66.084     0.12514     0.091029
85.947     19.072     29.258     60.776     0.17286     0.029777
131.97     38.332     29.207     108.2     0.092537      0.048768
191     71.146     29.192     78.774     0.28595     0.06041
485.05     44.146     29.041     58.182     0.18686     0.14511
211.16     59.198     29.027     70.386     0.13492     0.025714
71.01     27.062     28.826     105.75     0.29197     0.024469
90.949     18.897     28.799     79.214     0.16129     0.029129
71.01     74.297     28.493     105.75     0.13218     0.024469
85.947     27.384     28.431     60.776     0.13847     0.029777
120.04     40.978     27.993     35.875     0.24981     0.013362
121.1     20.235     27.936     58.145     0.20148     0.020841
153.99     42.457     27.885     66.052     0.27138     0.044221
485.05     26.084     27.812     58.182     0.17571     0.14511
90.949     71.583     27.769     79.214     0.15175     0.029129
121.1     37.565     27.763     58.145     0.10464     0.020841
71.01     19.259     27.728     105.75     0.13151     0.024469
211.16     43.924     27.706     70.386     0.1045     0.025714
133.97     40.078     27.659     73.11     0.18173     0.052075
70.063     42.07     27.589     58.295     0.17173     0.022519
67.052     23.241     27.545     51.538     0.18998     0.02358
129.98     40.823     27.493     81.375     0.13407     0.042132
96.044     56.686     27.439     85.273     0.21489     0.042016
211.16     31.534     27.382     70.386     0.3368     0.025714
77.036     32.946     27.297     38.468     0.14674     0.015253
67.052     19.776     27.278     51.538     0.15348     0.02358
121.1     34.911     27.111     58.145     0.091627      0.020841
67.052     49.673     27.098     51.538     0.094518      0.02358
283.1     58.201     27.097     39.443     0.13976     0.025505
71.01     18.13     26.996     105.75     0.19363     0.024469
71.046     65.44     26.939     75.737     0.18144     0.032235
67.052     30.029     26.888     51.538     0.14534     0.02358
203.14     67.309     26.674     36.173     0.25746     0.023535
70.063     50.951     26.648     58.295     0.2361     0.022519
146.98     28.383     26.624     99.691     0.17621     0.054487
71.949     62.718     26.571     70.463     0.21296     0.036471
169.1     71.891     26.532     78.019     0.15632     0.032772
121.1     70.312     26.476     58.145     0.18786     0.020841
95.082     42.939     26.42     82.7      0.14104     0.015256
67.052     25.027     26.379     51.538     0.19291     0.02358
115.97     16.117     26.347     72.624     0.18068     0.054301
70.063     15.175     26.146     58.295     0.17735     0.022519
77.036     44.088     26.006     38.468     0.13334     0.015253
166.99     58.362     25.947     84.615     0.23954     0.059881
115.97     55.117     25.782     72.624     0.27436     0.054301
121.1     24.752     25.72     58.145     0.28188     0.020841
120.07     64.313     25.529     50.324     0.1166     0.024539
286.02     26.442     25.491     66.084     0.26318     0.091029
286.02     61.434     25.47     66.084     0.11631     0.091029
72.044     40.196     25.316     55.862     0.08785     0.027944
146.98     33.41     24.963     99.691     0.17164     0.054487
88.075     54.696     24.941     64.48     0.25525     0.030483
95.082     62.318     24.884     82.7      0.26435     0.015256
120.04     51.564     24.833     35.875     0.15383     0.013362
120.07     28.977     24.79     50.324     0.20034     0.024539
121.1     53     24.374     58.145     0.16303     0.020841
91.958     51.07     24.294     75.978     0.18702     0.028549
283.1     35.072     24.204     39.443     0.25005     0.025505
211.16     73.59     24.153     70.386     0.29827     0.025714
120.07     27.251     23.769     50.324     0.21271     0.024539
166.99     36.434     23.732     84.615     0.18669     0.059881
67.052     63.186     23.393     51.538     0.098369      0.02358
203.14     30.893     23.092     36.173     0.15651     0.023535
67.052     70.513     23.069     51.538     0.11142     0.02358
67.052     65.01     22.928     51.538     0.2372     0.02358
191.11     15.182     22.69     44.205     0.16868     0.022043
85.947     69.494     21.937     60.776     0.13944     0.029777
120.04     61.801     21.808     35.875     0.080403      0.013362
283.1     64.357     21.619     39.443     0.11895     0.025505
67.052     45.561     21.254     51.538     0.24967     0.02358
283.1     61.058     20.907     39.443     0.11926     0.025505
85.947     71.596     20.743     60.776     0.18972     0.029777
93.063     21.983     20.579     60.205     0.15891     0.037119
203.14     29.958     20.527     36.173     0.20512     0.023535
203.14     20.032     20.199     36.173     0.19426     0.023535
121.1     36.598     18.75     58.145     0.17275     0.020841
203.14     52.496     17.047     36.173     0.093057      0.023535
